tiempo radio velocidad aceleracion temperatura pg nH2 nH nO nO2 nOH nH2O nN nNH nNH2 nNH3 nN2H nNO nNO2 nN2O nHNO nN2 nArnH2O2 nHO2 
0 0.000425 0 0 308.15 4966.57443227 975887727831 0 0 487943863915 0 3.74045608109e+14 0 0 0 0 0 0 0 0 0 0 0 0 0 
2.76750961495e-06 0.000424280870372 -0.520177832842 -188537.686677 308.664969663 4998.04754711 975887726870 2.563231353e-57 4.53223898344e-68 487943863582 2.54527602123e-63 3.73883306271e+14 0 0 0 0 0 0 0 0 0 0 0 3.07906019318e-116 1.19532862982e-144 
7.14198883103e-06 0.000420183410115 -1.35816917851 -195074.627926 311.569282208 5151.94577866 975887701122 1.33040077997e-56 2.85569230312e-67 487943854644 1.49346538436e-62 3.70837552038e+14 0 0 0 0 0 0 0 0 0 0 0 6.72061831052e-115 6.65827027764e-143 
1.05622628086e-05 0.000414376108553 -2.04364583659 -205575.549777 315.733603601 5344.94610907 975887621600 7.79812371518e-56 2.17496589999e-66 487943827039 1.14270009661e-61 3.64105034409e+14 0 0 0 0 0 0 0 0 0 0 0 1.69094801824e-113 2.61651337601e-141 
1.30000499631e-05 0.00040877160171 -2.55883875446 -216539.804214 319.871176159 5519.10820015 975887505536 4.94415985381e-55 1.8392515364e-65 487943786749 9.67472125605e-61 3.56219824799e+14 0 0 0 0 0 0 0 0 0 0 0 5.20194692862e-112 1.33399919423e-139 
1.49550349487e-05 0.000403347387275 -2.99398341306 -227913.049917 324.020201564 5682.04037797 975887360561 3.28460368901e-54 1.63974006089e-64 487943736422 8.50145196603e-60 3.47783639374e+14 0 0 0 0 0 0 0 0 0 0 0 1.77941031719e-110 8.36984368034e-138 
1.66212671605e-05 0.000398036260862 -3.38434461232 -239826.802624 328.243083192 5838.87245146 975887189878 2.24600099896e-53 1.5067446969e-63 487943677168 7.63447207415e-59 3.3899487128e+14 0 0 0 0 0 0 0 0 0 0 0 6.44314071453e-109 5.84653299426e-136 
1.80852765285e-05 0.000392819588366 -3.74526934183 -252334.432268 332.563706162 5991.89061203 975886996157 1.56441730663e-52 1.4111648844e-62 487943609914 6.95587383698e-58 3.29996155434e+14 0 0 0 0 0 0 0 0 0 0 0 2.41643500896e-107 4.34534472712e-134 
1.93952100603e-05 0.000387692869249 -4.08505204795 -265464.052013 336.993090244 6142.35022507 975886781770 1.1034814744e-51 1.33894709118e-61 487943535484 6.40222458253e-57 3.20894587784e+14 0 0 0 0 0 0 0 0 0 0 0 9.28180668181e-106 3.36399150566e-132 
2.05819197608e-05 0.000382654573594 -4.40887946904 -279239.071483 341.538373514 6291.07863476 975886548781 7.85469236811e-51 1.28241874546e-60 487943454593 5.93621985186e-56 3.11769127701e+14 0 0 0 0 0 0 0 0 0 0 0 3.62739974091e-104 2.6809868597e-130 
2.16669225279e-05 0.000377703400253 -4.72030138307 -293683.783746 346.205450377 6438.6828095 975886298980 5.6294260208e-50 1.23696290238e-59 487943367862 5.53439185262e-55 3.02677803545e+14 0 0 0 0 0 0 0 0 0 0 0 1.43616257661e-102 2.18360726759e-128 
2.26660794512e-05 0.000372837668689 -5.02189951668 -308824.931751 350.999848775 6585.63774434 975886033913 4.05595031347e-49 1.19959538184e-58 487943275827 5.18116233487e-54 2.93663277673e+14 0 0 0 0 0 0 0 0 0 0 0 5.74344036524e-101 1.80867695934e-126 
2.35915517461e-05 0.000368055251359 -5.31563771645 -324692.217193 355.927077562 6732.33173893 975885754916 2.93442733791e-48 1.16828132407e-57 487943178953 4.86573933473e-53 2.84756852322e+14 0 0 0 0 0 0 0 0 0 0 0 2.3150980091e-99 1.51822606678e-124 
2.44529437784e-05 0.000363353640314 -5.60306370137 -341318.529982 360.992789005 6879.09274139 975885463148 2.13003167723e-47 1.14157385393e-56 487943077639 4.58038720233e-52 2.75981337743e+14 0 0 0 0 0 0 0 0 0 0 0 9.39061321614e-98 1.288177472e-122 
2.52580180211e-05 0.000358730036597 -5.88543360348 -358740.121538 366.202867736 7026.20505727 975885159608 1.55021944548e-46 1.11840852655e-55 487942972233 4.31940648876e-51 2.67353130491e+14 0 0 0 0 0 0 0 0 0 0 0 3.8282567476e-96 1.10259750746e-120 
2.60131660169e-05 0.000354181431303 -6.16379302565 -376996.792794 371.563487676 7173.92062616 975884845155 1.13061766869e-45 1.09797964416e-54 487942863034 4.07850342413e-50 2.58883742055e+14 0 0 0 0 0 0 0 0 0 0 0 1.5669547753e-94 9.50566513296e-119 
2.6723731606e-05 0.000349704671194 -6.43903209812 -396132.121961 377.081154483 7322.46699768 975884520529 8.2597644456e-45 1.07966242737e-53 487942750296 3.85438428e-49 2.50580939101e+14 0 0 0 0 0 0 0 0 0 0 0 6.43437305093e-93 8.24379120537e-117 
2.73942403323e-05 0.000345296508912 -6.71192424916 -416193.742707 382.762741598 7472.05319686 975884186361 6.04219478652e-44 1.06296226256e-52 487942634239 3.64448547398e-48 2.42449604452e+14 0 0 0 0 0 0 0 0 0 0 0 2.64884304217e-91 7.1846140281e-115 
2.80285668658e-05 0.000340953640045 -6.98315437969 -437233.679021 388.615523986 7622.87417877 975883843185 4.42453146177e-43 1.0474805756e-51 487942515047 3.44678852767e-47 2.34492394051e+14 0 0 0 0 0 0 0 0 0 0 0 1.09259119212e-89 6.28694049918e-113 
2.86300601269e-05 0.000336672729355 -7.2533399415 -459308.743071 394.647211857 7775.11431766 975883491448 3.24246110005e-42 1.03289133084e-50 487942392875 3.25968996754e-46 2.26710242539e+14 0 0 0 0 0 0 0 0 0 0 0 4.51332971545e-88 5.51975403512e-111 
2.92016387074e-05 0.000332450428448 -7.5230471385 -482481.002557 400.865985668 7928.95021361 975883131517 2.37750648219e-41 1.01892448652e-49 487942267851 3.0819076531e-45 2.19102755254e+14 0 0 0 0 0 0 0 0 0 0 0 1.8663296002e-86 4.85931272116e-109 
2.97458649424e-05 0.000328283386566 -7.7928037237 -506818.326571 407.280533296 8084.55301586 975882763688 1.74391287295e-40 1.00535415042e-48 487942140076 2.91241193681e-44 2.11668513953e+14 0 0 0 0 0 0 0 0 0 0 0 7.72267112402e-85 4.28717452774e-107 
3.02650033112e-05 0.000324168255866 -8.06310939177 -532395.021085 413.900090105 8242.09040091 975882388189 1.27941262516e-39 9.9198999227e-48 487942009628 2.75037413168e-43 2.04405316311e+14 0 0 0 0 0 0 0 0 0 0 0 3.19660047447e-83 3.78882401916e-105 
3.07610671177e-05 0.000320101692237 -8.33444446699 -559292.567613 420.734482436 8401.72830569 975882005186 9.38672619282e-39 9.78670932033e-47 487941876566 2.59512719024e-42 1.97310364274e+14 0 0 0 0 0 0 0 0 0 0 0 1.32318000816e-81 3.35269864493e-103 
3.12358562673e-05 0.000316080352416 -8.60727739406 -587600.482155 427.794175069 8563.63249198 975881614785 6.88616153129e-38 9.65260469265e-46 487941740924 2.44613521653e-41 1.90380412508e+14 0 0 0 0 0 0 0 0 0 0 0 5.47569482936e-80 2.96948641386e-101 
3.16909881884e-05 0.000312100887901 -8.88207141548 -617417.315698 435.090323165 8727.97000494 975881217036 5.05065462928e-37 9.51643211577e-45 487941602720 2.30296944905e-40 1.8361188553e+14 0 0 0 0 0 0 0 0 0 0 0 2.26484817531e-78 2.63161146365e-99 
3.21279234031e-05 0.000308159936016 -9.15929073185 -648851.822353 442.634829367 8894.91057507 975880811931 3.70321304258e-36 9.37722281418e-44 487941461949 2.16528902691e-39 1.7700097006e+14 0 0 0 0 0 0 0 0 0 0 0 9.36087725125e-77 2.33285186324e-97 
3.25479868793e-05 0.000304254108347 -9.43940638749 -682024.327215 450.440406533 9064.62800787 975880399409 2.71411466049e-35 9.23417386995e-43 487941318591 2.03282537058e-38 1.70543687757e+14 0 0 0 0 0 0 0 0 0 0 0 3.86524115982e-75 2.06805211788e-95 
3.29523860307e-05 0.00030037997652 -9.72290209806 -717068.334598 458.520646978 9237.30160623 975879979355 1.98819272655e-34 9.08663400088e-42 487941172603 1.90536931961e-37 1.64235952138e+14 0 0 0 0 0 0 0 0 0 0 0 1.59415353532e-73 1.83290442972e-93 
3.33422260225e-05 0.000296534055346 -10.0102802085 -754132.425923 466.890098856 9413.1176634 975879551596 1.4555801629e-33 8.93409304855e-41 487941023925 1.7827603598e-36 1.58073612914e+14 0 0 0 0 0 0 0 0 0 0 0 6.5658842778e-72 1.62378043963e-91 
3.37185229097e-05 0.00029271278305 -10.3020679786 -793382.510522 475.564350673 9592.27107459 975879115900 1.06495656519e-32 8.77617449543e-40 487940872474 1.66487751633e-35 1.52052490023e+14 0 0 0 0 0 0 0 0 0 0 0 2.70014016505e-70 1.4376006748e-89 
3.40822150165e-05 0.000288912498318 -10.598824393 -835004.507711 484.560124893 9774.96711475 975878671977 7.7861157158e-32 8.61263024125e-39 487940718150 1.55163154184e-34 1.4616839932e+14 0 0 0 0 0 0 0 0 0 0 0 1.10849526551e-68 1.27173232307e-87 
3.44341728931e-05 0.000285129413655 -10.9011477195 -879207.56069 493.895381902 9961.42344209 975878219469 5.68830207199e-31 8.44333728158e-38 487940560825 1.4429581637e-33 1.40417171341e+14 0 0 0 0 0 0 0 0 0 0 0 4.542174985e-67 1.12390862113e-85 
3.47752081189e-05 0.000281359584462 -11.2096840684 -926227.909478 503.589435491 10151.8723961 975877757948 4.15242621966e-30 8.26829573062e-37 487940400350 1.33881215899e-32 1.34794664362e+14 0 0 0 0 0 0 0 0 0 0 0 1.85740983705e-65 9.92164788299e-84 
3.51060811793e-05 0.000277598873009 -11.5251372582 -976333.587731 513.663081575 10346.5636771 975877286910 3.0287881056e-29 8.08762816415e-36 487940236547 1.23916215367e-31 1.29296772578e+14 0 0 0 0 0 0 0 0 0 0 0 7.57879329049e-64 8.74786847402e-82 
3.54275086123e-05 0.000273842906219 -11.8482803633 -1029830.15671 524.138741838 10545.767519 975876805762 2.20739534393e-28 7.90158010645e-35 487940069209 1.1439860271e-30 1.23919430083e+14 0 0 0 0 0 0 0 0 0 0 0 3.08516635324e-62 7.70270514627e-80 
3.57401695935e-05 0.00027008702593 -12.1799694123 -1087067.75582 535.040624423 10749.7784964 975876313816 1.60745758547e-27 7.7105215785e-34 487939898094 1.05326683533e-29 1.18658611134e+14 0 0 0 0 0 0 0 0 0 0 0 1.252807549e-60 6.77288004358e-78 
3.60447121077e-05 0.000266326229929 -12.5211598313 -1148449.83812 546.394903976 10958.9201491 975875810272 1.16965969119e-26 7.5149496927e-33 487939722921 9.66989187258e-29 1.13510327076e+14 0 0 0 0 0 0 0 0 0 0 0 5.07413411835e-59 5.94661101653e-76 
3.63417588611e-05 0.000262555101438 -12.8729264143 -1214444.08449 558.229924016 11173.5506769 975875294205 8.50476902809e-26 7.31549274734e-32 487939543366 8.8513606735e-28 1.08470620014e+14 0 0 0 0 0 0 0 0 0 0 0 2.04955594361e-57 5.21339290018e-74 
3.66319130708e-05 0.000258767724203 -13.2364878356 -1285596.16035 570.576424873 11394.0700339 975874764541 6.17991607449e-25 7.11291602738e-31 487939359052 8.0768605441e-27 1.03535553344e+14 0 0 0 0 0 0 0 0 0 0 0 8.25526039987e-56 4.56381898419e-72 
3.69157642803e-05 0.000254957579382 -13.6132370565 -1362547.2226 583.467801091 11620.9288762 975874220033 4.4881496851e-24 6.90812974093e-30 487939169541 7.34610903106e-26 9.87011990653e+13 0 0 0 0 0 0 0 0 0 0 0 3.31537826267e-54 3.98943484131e-70 
3.71938943627e-05 0.000251117419232 -14.0047794546 -1446056.43095 596.940393068 11854.6399947 975873659229 3.25821859482e-23 6.70220020465e-29 487938974323 6.65873510305e-25 9.39636216243e+13 0 0 0 0 0 0 0 0 0 0 0 1.32748961684e-52 3.48261867997e-68 
3.74668838965e-05 0.00024723911093 -14.4129811669 -1537030.22259 611.033818599 12095.7931162 975873080431 2.36484584969e-22 6.49636538222e-28 487938772803 6.01426238041e-24 8.93188579256e+13 0 0 0 0 0 0 0 0 0 0 0 5.29903791473e-51 3.03648313581e-66 
3.77353191214e-05 0.000243313441732 -14.8400310852 -1636560.84738 625.791351245 12345.0743298 975872481646 1.71647512208e-21 6.29205656157e-27 487938564280 5.41209587322e-23 8.4762893068e+13 0 0 0 0 0 0 0 0 0 0 0 2.10868823622e-49 2.6447944788e-64 
3.79997997408e-05 0.000239329873368 -15.2885213411 -1745977.77527 641.260354034 12603.2919645 975871860517 1.24626352507e-20 6.09092888621e-26 487938347927 4.85151221016e-22 8.02916311464e+13 0 0 0 0 0 0 0 0 0 0 0 8.36509088452e-48 2.3019062917e-62 
3.82609478894e-05 0.0002352762293 -15.7615531579 -1866917.28003 657.492779471 12871.4116051 975871214240 9.0546446768e-20 5.89490475194e-25 487938122758 4.3316533476e-21 7.59008604025e+13 0 0 0 0 0 0 0 0 0 0 0 3.30811322087e-46 2.00270511299e-60 
3.85194186695e-05 0.000231138292121 -16.262878024 -2001418.14171 674.545750011 13150.604283 975870539456 6.58569525143e-19 5.70623597693e-24 487937887593 3.85152360919e-20 7.15862119828e+13 0 0 0 0 0 0 0 0 0 0 0 1.30427445666e-44 1.74256617615e-58 
3.87759127552e-05 0.000226899279561 -16.7970888256 -2152055.59905 692.482237744 13442.314017 975869832099 4.79744413187e-18 5.52759384956e-23 487937641002 3.40998994958e-19 6.73431118447e+13 0 0 0 0 0 0 0 0 0 0 0 5.12729574355e-43 1.51731790642e-56 
3.90311916807e-05 0.000222539154751 -17.3698828548 -2322132.49689 711.371869938 13748.3543709 975869087203 3.50216545934e-17 5.3622010623e-22 487937381237 3.00578519477e-18 6.31667260213e+13 0 0 0 0 0 0 0 0 0 0 0 2.01011788252e-41 1.32321435084e-54 
3.92860965246e-05 0.000218033708351 -17.9884301028 -2515957.9209 731.291899103 14071.0494958 975868298636 2.56361901853e-16 5.21402775407e-21 487937106140 2.63751400729e-17 5.90519013749e+13 0 0 0 0 0 0 0 0 0 0 0 7.86124943305e-40 1.15691535981e-52 
3.95415707045e-05 0.000213353324975 -18.6618986875 -2739263.01018 752.328397009 14413.4450196 975867458733 1.88305411334e-15 5.08808655364e-20 487936813010 2.30366085499e-16 5.49931083628e+13 0 0 0 0 0 0 0 0 0 0 0 3.06812470731e-38 1.01547472239e-50 
3.97986873065e-05 0.000208461313039 -19.4022192999 -2999837.71251 774.577770301 14779.6314572 975866557786 1.38898149975e-14 4.99088324987e-19 487936498424 2.00259915094e-15 5.09844019486e+13 0 0 0 0 0 0 0 0 0 0 0 1.19565411452e-36 8.96337237833e-49 
4.00586802337e-05 0.00020331163947 -20.2252197426 -3308533.72853 798.148764665 15175.2537909 975865583332 1.02970718742e-13 4.93111303237e-18 487936157984 1.73259963761e-14 4.70194384373e+13 0 0 0 0 0 0 0 0 0 0 0 4.65596628416e-35 7.97345576519e-47 
4.03229751317e-05 0.000197845887879 -21.1523406144 -3680892.67673 823.165261055 15608.337488 975864519141 7.67888055613e-13 4.92074235907e-17 487935785956 1.49183459397e-13 4.30916336023e+13 0 0 0 0 0 0 0 0 0 0 0 1.8134305261e-33 7.16756068139e-45 
4.05932070907e-05 0.000191989323002 -22.2132675381 -4139873.01671 849.770435402 16090.6657132 975863343823 5.7656439889e-12 4.9766729414e-16 487935374768 1.27837088262e-12 3.91946541014e+13 0 0 0 0 0 0 0 0 0 0 0 7.07276026073e-32 6.5325403013e-43 
4.08711890576e-05 0.000185646325291 -23.4499818879 -4720554.35437 878.133386412 16640.1327776 975862028966 4.36267087962e-11 5.12317664044e-15 487934914345 1.09013813611e-11 3.53236711382e+13 0 0 0 0 0 0 0 0 0 0 0 2.76588981298e-30 6.05929788275e-41 
4.11587377681e-05 0.000178696843534 -24.9228385498 -5478431.3067 908.460353837 17284.8193197 975860537030 3.32899821285e-10 5.394898502e-14 487934391339 9.24847134392e-11 3.14783161117e+13 0 0 0 0 0 0 0 0 0 0 0 1.08563139436e-28 5.74084160221e-39 
4.14571346152e-05 0.000170999710638 -26.7188073523 -6504027.1632 941.014335082 18069.9326782 975858820179 2.5617208921e-09 5.83830571926e-13 487933788659 7.79827682221e-10 2.7669249247e+13 0 0 0 0 0 0 0 0 0 0 0 4.27547390808e-27 5.56479404807e-37 
4.17657756836e-05 0.000162419096202 -28.9591357279 -7947205.76923 976.148460017 19068.5778713 975856824131 1.98429957375e-08 6.50298675941e-12 487933086747 6.51823075211e-09 2.39313573864e+13 0 0 0 0 0 0 0 0 0 0 0 1.68237728833e-25 5.49163547726e-35 
4.20795290193e-05 0.000152905798655 -31.7944911172 -10050086.2422 1014.35425834 20393.8972008 975854506684 1.53864082661e-07 7.40130507369e-11 487932269981 5.37139894113e-08 2.03442843269e+13 0 0 0 0 0 0 0 0 0 0 0 6.53641369791e-24 5.41164413302e-33 
4.23857874673e-05 0.000142646849462 -35.3623976495 -13167263.9069 1056.29616625 22199.0790297 975851880207 1.18283169049e-06 8.42341645814e-10 487931341627 4.33163545447e-07 1.70446033375e+13 0 0 0 0 0 0 0 0 0 0 0 2.45726546835e-22 5.12461976245e-31 
4.26659919874e-05 0.000132160265915 -39.7026736061 -17725653.7149 1102.72985079 24643.7877823 975849053440 8.93749746747e-06 9.30231220461e-09 487930338882 3.40797102446e-06 1.41882918036e+13 0 0 0 0 0 0 0 0 0 0 0 8.78951144559e-21 4.47405176347e-29 
4.29048923839e-05 0.000122107416798 -44.7139359161 -24124055.5129 1154.24406689 27842.3934496 975846202861 6.63518697099e-05 9.78903079835e-08 487929323382 2.63366671275e-05 1.18611188893e+13 0 0 0 0 0 0 0 0 0 0 0 3.00129890275e-19 3.5594843801e-27 
4.30986509833e-05 0.000112936058412 -50.2328481794 -32692575.474 1211.14167428 31861.1717252 975843476295 0.000487177769845 9.86514602896e-07 487928347441 0.000202139896398 1.00334028268e+13 0 0 0 0 0 0 0 0 0 0 0 9.98294190168e-18 2.64679216827e-25 
4.3252849838e-05 0.000104756374137 -56.1467956145 -43779940.4919 1273.70883675 36774.6743522 975840938071 0.00356293903963 9.68947681413e-06 487927434295 0.00155218806142 8.60656509521e+12 0 0 0 0 0 0 0 0 0 0 0 3.2998351137e-16 1.90763093846e-23 
4.33760102234e-05 9.74724589854e-05 -62.4278878575 -57870861.7064 1342.49947993 42717.2020426 975838589019 0.0260743028243 9.42375266436e-05 487926584725 0.011953569036 7.47659666299e+12 0 0 0 0 0 0 0 0 0 0 0 1.09628605155e-14 1.36749706352e-21 
4.34757285999e-05 9.09289180612e-05 -69.11038899 -75663106.802 1418.39885573 49905.6826217 975836403820 0.191340045949 0.000915880136554 487925790082 0.0922980719336 6.56178383493e+12 0 0 0 0 0 0 0 0 0 0 0 3.67508153491e-13 9.87114703112e-20 
4.35577488616e-05 8.4979735065e-05 -76.2652501507 -98128991.0365 1502.59788438 58655.0010234 975834352523 1.4082757859 0.00892478745206 487925039900 0.713523457982 5.80433845427e+12 0 0 0 0 0 0 0 0 0 0 0 1.24280910887e-11 7.20062467012e-18 
4.36262038852e-05 7.95058796151e-05 -83.9878026996 -126599773.005 1596.59388638 69403.8597232 975832408137 10.3841716539 0.0871523364213 487924324629 5.51216182192 5.16441633649e+12 0 0 0 0 0 0 0 0 0 0 0 4.22836894698e-10 5.30207145252e-16 
4.36840572855e-05 7.44138925948e-05 -92.3958782925 -162899466.311 1702.24344892 82760.5121762 975830547987 76.5489153393 0.850150582662 487923636148 42.4701051841 4.61429126946e+12 0 0 0 0 0 0 0 0 0 0 0 1.44064176445e-08 3.92538744605e-14 
4.37334549681e-05 6.96311971909e-05 -101.632067348 -209545586.264 1821.83723395 99573.7223488 975828753447 562.274382136 8.23446378231 487922967703 325.664755446 4.13432917651e+12 0 0 0 0 0 0 0 0 0 0 0 4.87449835745e-07 2.8994147161e-12 
4.37758700929e-05 6.51130931184e-05 -111.8404684 -269888078.984 1957.81947568 120978.330713 975827013422 4074.2398957 77.9766846442 487922315354 2466.19973002 3.71139713752e+12 0 0 0 0 0 0 0 0 0 0 0 1.59716715664e-05 2.08150166157e-10 
4.38117715023e-05 6.09066538711e-05 -122.956478747 -346911638.607 2109.86160264 147944.362606 975825348676 27726.5959635 678.544068132 487921687817 17604.7254563 3.34254106655e+12 0 0 0 0 0 0 0 0 0 0 0 0.000456333333284 1.28849378614e-08 
4.38403427167e-05 5.72389797536e-05 -134.217551269 -438044818.334 2267.57617445 179487.702967 975823841151 154811.416986 4631.70813253 487921119524 103454.031862 3.03930471914e+12 0 0 0 0 0 0 0 0 0 0 0 0.00873595311703 5.02327667716e-07 
4.38618345937e-05 5.42451953768e-05 -144.728604874 -535622787.965 2417.72015518 213084.380001 975822503307 646343.871932 22353.5496607 487920621211 454729.970387 2.80376781423e+12 0 0 0 0 0 0 0 0 0 0 0 0.0944214749066 9.97517545019e-06 
4.38781265305e-05 5.18114223259e-05 -154.31253108 -635591284.829 2556.78838643 247475.240973 975821170166 2090421.3823 79745.6265011 487920131264 1545899.93397 2.61988342626e+12 0 0 0 0 0 0 0 0 0 0 0 0.622836904789 0.000109740662877 
4.38901673656e-05 4.99047759645e-05 -162.574100317 -730687362.191 2678.15028715 280182.596649 975819650862 5269565.76911 213518.176715 487919558794 4074533.62573 2.48040399639e+12 0 0 0 0 0 0 0 0 0 0 0 2.62719026509 0.000696375725058 
4.38993748454e-05 4.83755128062e-05 -169.74060916 -819811679.516 2784.42294247 310975.720425 975817653148 11083625.1655 465435.692868 487918751046 8912719.31659 2.3713612419e+12 0 0 0 0 0 0 0 0 0 0 0 8.13896136968 0.00300249097751 
4.39067393247e-05 4.71023800673e-05 -176.112449231 -904379967.741 2879.61347237 340329.581804 975814825254 20596180.5375 882468.050564 487917508387 17148666.3738 2.28246477524e+12 0 0 0 0 0 0 0 0 0 0 0 20.5718500721 0.0100092065896 
4.39128224231e-05 4.60137802058e-05 -181.87910119 -985344409.755 2966.27885685 368560.858274 975810768273 34987932.1834 1513759.61961 487915587907 30052552.0682 2.20778675959e+12 0 0 0 0 0 0 0 0 0 0 0 45.0632225855 0.0278211607059 
4.39179705358e-05 4.50640025686e-05 -187.168631754 -1063388471.57 3046.16302731 395895.114587 975805022867 55541739.2208 2409333.1711 487912698248 49062830.8492 2.14362014741e+12 0 0 0 0 0 0 0 0 0 0 0 88.8087955917 0.0676053433916 
4.39224107121e-05 4.42221792791e-05 -192.071869205 -1139022832.79 3120.51123533 422499.738795 975797060802 83631768.04 3619339.24234 487908496539 75774373.9262 2.0875051101e+12 0 0 0 0 0 0 0 0 0 0 0 161.383372876 0.148208269917 
4.39262989156e-05 4.346654604e-05 -196.655642794 -1212640390.81 3190.24412585 448502.690612 975786278650 120715275.353 5193666.11995 487902586263 111928075.627 2.03773322906e+12 0 0 0 0 0 0 0 0 0 0 0 275.047060833 0.299593147073 
4.39297463788e-05 4.27812162537e-05 -200.970603547 -1284550734.41 3256.06164035 474004.163838 975771992564 168326239.117 7181794.35288 487894515574 159401714.615 1.99307378309e+12 0 0 0 0 0 0 0 0 0 0 0 445.036772776 0.567271726017 
4.39328349161e-05 4.21542578777e-05 -205.056099089 -1355002876.91 3318.50837456 499084.22952 975753433671 228070353.473 9632824.60735 487883775824 220201901.481 1.95261312795e+12 0 0 0 0 0 0 0 0 0 0 0 689.842930915 1.01794443646 
4.39356262772e-05 4.15764917956e-05 -208.943341799 -1424200776.66 3378.01639131 523808.029113 975729743792 301621067.432 12595636.2326 487869800198 296456970.002 1.91565572064e+12 0 0 0 0 0 0 0 0 0 0 0 1031.47126778 1.74660663446 
4.39381680992e-05 4.10407112489e-05 -212.657539811 -1492314227.26 3434.93421648 548229.404871 975699971360 390716446.242 16119151.7935 487851962362 390410692.159 1.88166061306e+12 0 0 0 0 0 0 0 0 0 0 0 1495.68958316 2.88542805933 
4.39404978295e-05 4.05411578261e-05 -216.219372775 -1559486677.97 3489.54704159 572393.499353 975663067421 497156697.269 20252693.924 487829575082 504416716.616 1.85019928715e+12 0 0 0 0 0 0 0 0 0 0 0 2112.2592537 4.61476672502 
4.39426453902e-05 4.00731595908e-05 -219.646039905 -1625840964.73 3542.09114926 596338.656092 975617881674 622802243.708 25046427.7712 487801888789 640933647.215 1.82092682652e+12 0 0 0 0 0 0 0 0 0 0 0 2915.15123353 7.1767374536 
4.39446350342e-05 3.96328749559e-05 -222.952020854 -1691483586.82 3592.7644375 620097.835393 975563158473 769572258.199 30551886.6911 487768090049 802520692.867 1.79356169791e+12 0 0 0 0 0 0 0 0 0 0 0 3942.74623864 10.8918192287 
4.39464866688e-05 3.9217107446e-05 -226.149638939 -1756507950.6 3641.73424534 643699.686679 975497532781 939443587.956 36822581.6744 487727299941 991833832.252 1.76787125118e+12 0 0 0 0 0 0 0 0 0 0 0 5238.0187725 16.1790547535 
4.39482168187e-05 3.88231691446e-05 -229.249485307 -1820996866.03 3689.14327108 667169.372935 975419526038 1134450015.97 43914696.8305 487678572298 1211622445.84 1.74366111343e+12 0 0 0 0 0 0 0 0 0 0 0 6848.70462354 23.5804704036 
4.39498393391e-05 3.84487782995e-05 -232.260743382 -1885024494.58 3735.11411663 690529.213435 975327541926 1356681814.13 51887874.635 487620891830 1464726377.83 1.72076729418e+12 0 0 0 0 0 0 0 0 0 0 0 8827.45146935 33.7904257889 
4.39513659521e-05 3.80919813631e-05 -235.191440501 -1948657887.61 3779.75282503 713799.191075 975219862013 1608285549.56 60806095.5649 487553172096 1754073396.13 1.69905021569e+12 0 0 0 0 0 0 0 0 0 0 0 11231.9522222 47.6906899331 
4.39528066563e-05 3.77510928133e-05 -238.048645548 -2011958215.23 3823.15166837 736997.357458 975094641273 1891464109.8 70738657.5192 487474253324 2082677023.34 1.67839013477e+12 0 0 0 0 0 0 0 0 0 0 0 14125.0607659 66.3921364975 
4.39541700438e-05 3.74246481167e-05 -240.838625989 -2074981758.72 3865.39137015 760140.159967 974949903477 2208476917.57 81761261.1712 487382900077 2453634719.5 1.65868358652e+12 0 0 0 0 0 0 0 0 0 0 0 17574.8897883 91.2840546993 
4.3955463548e-05 3.71113665436e-05 -243.566973943 -2137780719.63 3906.54289491 783242.708411 974783536450 2561640305.17 93957207.9281 487277798744 2870126397.09 1.63984058975e+12 0 0 0 0 0 0 0 0 0 0 0 21654.890432 124.092186344 
4.39566936398e-05 3.68101214672e-05 -246.238708382 -2200403886.02 3946.66890321 806318.994543 974593287209 2953328020.57 107418717.851 487157554874 3335413254.28 1.62178242748e+12 0 0 0 0 0 0 0 0 0 0 0 26443.9135556 166.946724491 
4.39578659845e-05 3.65199164113e-05 -248.858358722 -2262897185.68 3985.82494472 829382.074388 974376756975 3385971836.69 122248375.492 487020690329 3852836913.26 1.60443986713e+12 0 0 0 0 0 0 0 0 0 0 0 32026.2524471 222.461646919 
4.39589855682e-05 3.62398655642e-05 -251.430033758 -2325304150.1 4024.06044466 852444.221103 974131396096 3862062236.63 138560712.362 486865640262 4425818854.91 1.58775172033e+12 0 0 0 0 0 0 0 0 0 0 0 38491.6669302 293.826909958 
4.39600568005e-05 3.59691777995e-05 -253.957478938 -2387666306.18 4061.41952511 875517.054027 973854498877 4384149140.43 156483935.235 486690749927 5057860135.35 1.57166366821e+12 0 0 0 0 0 0 0 0 0 0 0 45935.3887964 384.915196054 
4.3961083599e-05 3.570714347e-05 -256.444124313 -2450023510.5 4097.94169388 898611.648782 973543198361 4954842646.25 176161810.629 486494271309 5752541381.31 1.55612729567e+12 0 0 0 0 0 0 0 0 0 0 0 54458.108694 500.40509679 
4.39620694587e-05 3.54531234207e-05 -258.893124928 -2512414236.39 4133.66242575 921738.631737 973194461077 5576813745.49 197755716.2 486274359593 6513523048.23 1.54109929203e+12 0 0 0 0 0 0 0 0 0 0 0 64165.9445293 645.922819718 
4.39630175097e-05 3.52065397859e-05 -261.307395081 -2574875822.94 4168.61365586 944908.26188 972805081806 6252794977.08 221446871.043 486029069461 7344545935.74 1.52654078496e+12 0 0 0 0 0 0 0 0 0 0 0 75170.3916249 828.204740646 
4.39639305659e-05 3.49668682348e-05 -263.68963754 -2637444692.73 4202.82420102 968130.50231 972371678396 6985580978.74 247438757.665 485756351241 8249431948.36 1.51241678201e+12 0 0 0 0 0 0 0 0 0 0 0 87588.2548928 1055.28338128 
4.39648111655e-05 3.47336313998e-05 -266.042368617 -2700156544 4236.32012099 991415.083149 971890686691 7778028887.05 275959749.342 485454046907 9232085086.52 1.4986956998e+12 0 0 0 0 0 0 0 0 0 0 0 101541.563299 1336.69968036 
4.39656616053e-05 3.45063932774e-05 -268.367939797 -2763046521.63 4269.12503019 1014771.55746 971358355627 8633058539.44 307265957.869 485119885954 10296492657.2 1.48534896475e+12 0 0 0 0 0 0 0 0 0 0 0 117157.467038 1683.74475044 
4.39664839704e-05 3.42847544335e-05 -270.668556495 -2826149371.04 4301.26036743 1038209.35128 970770742562 9553652418.9 341644317.496 484751481154 11446726682 1.47235067289e+12 0 0 0 0 0 0 0 0 0 0 0 134568.117741 2109.73467067 
4.39672801588e-05 3.40683478779e-05 -272.946294409 -2889499577.72 4332.74563063 1061737.8089 970123708939 10542855281.7 379415922.21 484346324226 12686945484.2 1.45967729849e+12 0 0 0 0 0 0 0 0 0 0 0 153910.532134 2630.32226863 
4.39680519029e-05 3.3856835498e-05 -275.203113846 -2953131495.44 4363.5985817 1085366.23413 969412916340 11603773403.8 420939634.662 483901781441 14021395431.3 1.44730744326e+12 0 0 0 0 0 0 0 0 0 0 0 175326.439569 3263.85029378 
4.39688007883e-05 3.36499049641e-05 -277.440872338 -3017079464.77 4393.83542609 1109103.92835 968633823075 12739573366.2 466615985.892 483415089192 15454412798.3 1.43522161955e+12 0 0 0 0 0 0 0 0 0 0 0 198962.113689 4031.75087957 
4.39695282698e-05 3.34472670304e-05 -279.661335805 -3081377924.36 4423.47097069 1132960.22587 967781681385 13953480306.4 516891386.505 482883349565 16990425721.3 1.423402062e+12 0 0 0 0 0 0 0 0 0 0 0 224968.188582 4958.99675144 
4.3970235685e-05 3.32486531745e-05 -281.866188484 -3146061516.16 4452.51876317 1156944.52725 966851535413 15248775544.5 572262670.676 482303525962 18633956198.1 1.41183256309e+12 0 0 0 0 0 0 0 0 0 0 0 253499.45958 6074.61025022 
4.39709242669e-05 3.30538135229e-05 -284.057041802 -3211165186.44 4480.99121525 1181066.33085 965838220076 16628793491.1 633281995.347 481672438809 20389622085.5 1.40049832896e+12 0 0 0 0 0 0 0 0 0 0 0 284714.668725 7412.2369224 
4.3971595154e-05 3.28625150221e-05 -286.23544235 -3276724283.11 4508.89971225 1205335.26322 964736361000 18096917739.4 700562117.906 480986761430 22262139041.9 1.38938585219e+12 0 0 0 0 0 0 0 0 0 0 0 318776.274847 9010.79118693 
4.39722494006e-05 3.26745398208e-05 -288.402879087 -3342774651.53 4536.25471057 1229761.10858 963540375699 19656576226.8 774782075.72 480243016123 24256322340 1.37848279914e+12 0 0 0 0 0 0 0 0 0 0 0 355850.207789 10915.1824089 
4.39728879838e-05 3.24896838325e-05 -290.560789888 -3409352728.8 4563.06582476 1254353.83777 962244476171 21311235362.7 856693291.82 479437570543 26377088488 1.36777790939e+12 0 0 0 0 0 0 0 0 0 0 0 396105.606344 13177.1306374 
4.3973511812e-05 3.23077554548e-05 -292.710567525 -3476495638.43 4589.34190558 1279123.63701 960842673145 23064392995.2 947126130.244 478566634446 28629456562.3 1.35726090549e+12 0 0 0 0 0 0 0 0 0 0 0 439714.538864 15856.0822496 
4.39741217305e-05 3.21285744243e-05 -294.853565179 -3544241285.79 4615.09111018 1304080.93679 959328782176 24919570095.9 1046996924.21 477626256912 31018549158.7 1.3469224114e+12 0 0 0 0 0 0 0 0 0 0 0 486851.705292 19020.2368371 
4.39747185279e-05 3.19519707881e-05 -296.991101542 -3612628455.29 4640.32096536 1329236.44118 957696431840 26880301039.9 1157315499.43 476612324131 33549592857.3 1.33675387818e+12 0 0 0 0 0 0 0 0 0 0 0 537694.11906 22747.6978608 
4.39753029407e-05 3.17777839777e-05 -299.124465578 -3681696910.57 4665.03842491 1354601.15792 955939074284 28950122346.5 1279193212.18 475520557881 36227918067.6 1.32674751568e+12 0 0 0 0 0 0 0 0 0 0 0 592420.766485 27127.7608547 
4.39758756583e-05 3.16058619712e-05 -301.254921017 -3751487498.7 4689.24992179 1380186.42972 954049998372 31132559765.8 1413851520.25 474346514815 39058958134.4 1.31689622913e+12 0 0 0 0 0 0 0 0 0 0 0 651212.241343 32262.3543656 
4.3976437327e-05 3.14360605314e-05 -303.383710618 -3822042258.87 4712.96141581 1406003.96688 952022345728 33431113581.9 1562631100.18 473085586692 42048247541.6 1.30719355983e+12 0 0 0 0 0 0 0 0 0 0 0 714250.35118 38267.6502423 
4.39769885537e-05 3.12682425123e-05 -305.512060254 -3893404537.33 4736.1784375 1432065.88196 949849129929 35849242024 1727001519.9 471733001706 45201419056.1 1.29763362887e+12 0 0 0 0 0 0 0 0 0 0 0 781717.691691 45275.8614607 
4.39775299096e-05 3.11022772212e-05 -307.641182885 -3965619109.75 4758.90612888 1458384.72674 947523259131 38390342696 1908571470.48 470283827059 48524199645.1 1.28821108326e+12 0 0 0 0 0 0 0 0 0 0 0 853797.184996 53437.2473209 
4.39780619327e-05 3.09380398325e-05 -309.772282433 -4038732311.44 4781.14928126 1484973.53189 945037562407 41057731923 2109099551.36 468732972957 52022404949.4 1.27892104384e+12 0 0 0 0 0 0 0 0 0 0 0 930671.576244 62922.3474627 
4.39785851311e-05 3.07754108423e-05 -311.906557643 -4112792178.82 4802.91237119 1511845.8502 942384820038 43854621997.6 2330505598.09 467075198178 55701932158.6 1.26975905417e+12 0 0 0 0 0 0 0 0 0 0 0 1012522.88388 73924.4680672 
4.39790999853e-05 3.06142755607e-05 -314.04520594 -4187848601.18 4824.1995944 1539015.80356 939557798012 46784096259.6 2574882525.66 465305117422 59568751019.3 1.26072103016e+12 0 0 0 0 0 0 0 0 0 0 0 1099531.79613 86662.445128 
4.39796069506e-05 3.04545236334e-05 -316.189427349 -4263953487.47 4845.01489868 1566498.13487 936549286912 49849082076.7 2844508654.74 463417210582 63628892818.6 1.2518032096e+12 0 0 0 0 0 0 0 0 0 0 0 1191877.00826 101383.711765 
4.39801064595e-05 3.02960485896e-05 -318.340428514 -4341160947.52 4865.36201571 1594308.26505 933352145392 53052321736.8 3141860465.57 461405834170 67888437048.7 1.24300210151e+12 0 0 0 0 0 0 0 0 0 0 0 1289734.49161 118367.697879 
4.39805989233e-05 3.01387474089e-05 -320.49942687 -4419527492.21 4885.24449255 1622462.35664 929959348320 56396341427.3 3469625716.64 459265235015 72353495586.9 1.23431443475e+12 0 0 0 0 0 0 0 0 0 0 0 1393276.68825 137929.592493 
4.39810847345e-05 2.99825201038e-05 -322.667655025 -4499112253.79 4904.66572301 1650977.38462 926364039645 59883418467 3830716841.36 456989566454 77030194139.7 1.22573710564e+12 0 0 0 0 0 0 0 0 0 0 0 1502671.62232 160424.500347 
4.3981564268e-05 2.98272693147e-05 -324.846365378 -4579977230.6 4923.62897924 1679871.21554 922559589979 63515547032.2 4228284514.58 454572907145 81924650694.8 1.21726712437e+12 0 0 0 0 0 0 0 0 0 0 0 1618081.91914 186252.025432 
4.39820378834e-05 2.96728999103e-05 -327.036835071 -4662187557.93 4942.137444 1709162.69647 918539658734 67294402780.3 4665731267.61 452009282659 87042950846.9 1.20890155999e+12 0 0 0 0 0 0 0 0 0 0 0 1739663.72544 215861.315608 
4.3982505926e-05 2.95193185932e-05 -329.240371292 -4745811810.26 4960.19424365 1738871.75476 914298260658 71221306724.1 5146724992.71 449292689980 92391119692.2 1.20063748398e+12 0 0 0 0 0 0 0 0 0 0 0 1867565.52011 249756.602052 
4.39829687288e-05 2.93664335038e-05 -331.458317026 -4830922338.77 4977.80248257 1769019.5106 909829836384 75297188964.2 5675212169.22 446417125004 97975090209.7 1.19247191218e+12 0 0 0 0 0 0 0 0 0 0 0 2001926.80979 288503.268178 
4.39834266138e-05 2.92141538224e-05 -333.692057285 -4917595648.18 4994.96527869 1799628.40363 905129326619 79522552832.5 6255430602.18 443376613143 103800667877 1.18440174536e+12 0 0 0 0 0 0 0 0 0 0 0 2142876.6999 332734.480788 
4.39838798934e-05 2.9062389363e-05 -335.943025923 -5005912818.22 5011.68580096 1830722.33605 900192249367 83897440226.2 6891921451.9 440165243049 109873491457 1.17642370831e+12 0 0 0 0 0 0 0 0 0 0 0 2290532.33619 383158.415343 
4.3984328872e-05 2.89110501599e-05 -338.212713069 -5095959976.27 5027.96730831 1862326.83357 895014779609 88421398872.7 7589540289.11 436777203560 116198989738 1.16853428784e+12 0 0 0 0 0 0 0 0 0 0 0 2444997.20863 440566.102876 
4.39847738468e-05 2.87600460406e-05 -340.502673281 -5187828826.79 5043.81319081 1894469.22728 889593830604 93093452484.4 8353466901.01 433206823804 122782334222 1.16072966981e+12 0 0 0 0 0 0 0 0 0 0 0 2606359.31505 505839.922703 
4.398521511e-05 2.86092861865e-05 -342.814534472 -5281617243.79 5059.22701265 1927178.85839 883927136043 97912074717.1 9189213528.91 429448616525 129628387594 1.15300567557e+12 0 0 0 0 0 0 0 0 0 0 0 2774689.17872 579962.756909 
4.39856529496e-05 2.8458678679e-05 -345.150007675 -5377429934.43 5074.2125571 1960487.30837 878013332204 102875167913 10102631188.8 425497324649 136741647839 1.14535769827e+12 0 0 0 0 0 0 0 0 0 0 0 2950037.71595 664027.812881 
4.39860876506e-05 2.83081300289e-05 -347.510897742 -5475379182.16 5088.77387368 1994428.6581 871852039097 107980047756 11099913715 421347971052 144126188023 1.13778063932e+12 0 0 0 0 0 0 0 0 0 0 0 3132433.95409 759249.108735 
4.39865194967e-05 2.81575446914e-05 -349.899115003 -5575585675.62 5102.91532695 2029039.77806 865443939893 113223434748 12187599094.5 416995911688 151785591399 1.13026884563e+12 0 0 0 0 0 0 0 0 0 0 0 3321882.59338 866972.595349 
4.39869487713e-05 2.80068245664e-05 -352.31668796 -5678179434.95 5116.64164734 2064360.65367 858790857712 118601453611 13372567654.6 412436892148 159722881742 1.12281604805e+12 0 0 0 0 0 0 0 0 0 0 0 3518361.4135 988687.868162 
4.39873757587e-05 2.78558684892e-05 -354.765776998 -5783300838.33 5129.95798321 2100434.7478 851895829307 124109641390 14662036566.5 407667108021 167940448365 1.11541530172e+12 0 0 0 0 0 0 0 0 0 0 0 3721818.51563 1126040.38528 
4.39878007456e-05 2.77045717154e-05 -357.248689163 -5891101765.22 5142.86995437 2137309.40454 844763175116 129742965168 16063550099.9 402683269386 176439965395 1.1080589287e+12 0 0 0 0 0 0 0 0 0 0 0 3932169.39703 1280844.06971 
4.39882240216e-05 2.75528254083e-05 -359.767893902 -6001746852.39 5155.3837063 2175036.29617 837398565683 135495849925 17584964918.8 397482670185 185222304389 1.10073846371e+12 0 0 0 0 0 0 0 0 0 0 0 4149293.84331 1455094.11183 
4.39886458807e-05 2.74005161411e-05 -362.326039687 -6115414876.93 5167.50596485 2213671.9159 829809084694 141362216992 19234429597 392063263383 194287439141 1.09344460367e+12 0 0 0 0 0 0 0 0 0 0 0 4373032.62252 1650979.71339 
4.39890666219e-05 2.72475254362e-05 -364.925971194 -6232300258.19 5179.24409028 2253278.11582 822003289690 147335532996 21020357253.5 386423743473 203634340730 1.08616716201e+12 0 0 0 0 0 0 0 0 0 0 0 4603183.94653 1870896.40205 
4.39894865496e-05 2.70937293624e-05 -367.570746742 -6352614675.8 5190.6061303 2293922.68988 813991271663 153408869220 22951390007 380563638083 213260860733 1.07889502887e+12 0 0 0 0 0 0 0 0 0 0 0 4839499.66702 2117457.41393 
4.39899059742e-05 2.69389982291e-05 -370.26365535 -6476588784.11 5201.60087087 2335679.99699 805784715710 159574970604 25036353481.9 374483411255 223163599350 1.0716161388e+12 0 0 0 0 0 0 0 0 0 0 0 5081681.15019 2393503.44543 
4.39903252116e-05 2.67831964362e-05 -373.008232351 -6604473989.36 5212.23788264 2378631.6122 797396966092 165826332816 27284198916.7 368184582099 233337753767 1.0643174485e+12 0 0 0 0 0 0 0 0 0 0 0 5329374.7455 2702109.80267 
4.39907445822e-05 2.66261825468e-05 -375.808272265 -6736544226.72 5222.52756169 2422866.98995 788843099159 172155285709 29703929797.4 361669862931 243776941655 1.05698492779e+12 0 0 0 0 0 0 0 0 0 0 0 5582166.76571 3046589.64874 
4.39911644096e-05 2.64678096901e-05 -378.667836779 -6873097648.82 5232.48116131 2468484.10797 780140009199 178554080111 32304508680.3 354943322688 254472992332 1.04960356879e+12 0 0 0 0 0 0 0 0 0 0 0 5839577.85359 3430491.55613 
4.39915850172e-05 2.63079264201e-05 -381.591255095 -7014458072.9 5242.11081196 2515590.04874 771306511996 185014974629 35094738738.5 348010581904 265415697764 1.04215741979e+12 0 0 0 0 0 0 0 0 0 0 0 6101056.62451 3857588.99082 
4.39920067237e-05 2.614637824e-05 -384.583112104 -7160975965.29 5251.42952286 2564301.44148 762363473307 191530316534 38083112191.1 340879048244 276592511466 1.03462965489e+12 0 0 0 0 0 0 0 0 0 0 0 6365972.41166 4331858.4597 
4.39924298366e-05 2.59830099717e-05 -387.648219859 -7313028680.15 5260.45116241 2614744.67979 753333964597 198092612762 41277617110.8 333558198875 287988187995 1.02700269018e+12 0 0 0 0 0 0 0 0 0 0 0 6633607.09761 4857442.26194 
4.39928546429e-05 2.58176693043e-05 -390.791564427 -7471019505.41 5269.19040687 2667055.76407 744243451560 204694582148 44685490479.3 326059919562 299584349927 1.01925836621e+12 0 0 0 0 0 0 0 0 0 0 0 6903145.94434 5438590.38595 
4.3993281396e-05 2.56502117852e-05 -394.018220586 -7635375006.05 5277.66265201 2721379.60568 735120010400 211329183691 48312905838.1 318398902976 311358980380 1.01137821563e+12 0 0 0 0 0 0 0 0 0 0 0 7173667.68292 6079575.19945 
4.39937102999e-05 2.54805075685e-05 -397.333224966 -7806539998.11 5285.88387876 2777868.57707 725994560476 217989614380 52164583537.8 310593103828 323285845505 1.00334384011e+12 0 0 0 0 0 0 0 0 0 0 0 7444134.3684 6784571.5699 
4.39941414882e-05 2.53084501338e-05 -400.741399066 -7984969494.8 5293.87046606 2836680.07586 716901086337 224669273528 56243315848.1 302664234532 335333870454 995137419557 0 0 0 0 0 0 0 0 0 0 0 7713382.04884 7557495.03035 
4.39945750002e-05 2.51339669639e-05 -404.247117044 -8171116960.95 5301.63894855 2897972.89747 707876800269 231361696903 60549409446.1 294638263203 347466522277 986742368668 0 0 0 0 0 0 0 0 0 0 0 7980114.05121 8401792.31608 
4.39950107544e-05 2.49570317693e-05 -407.85402064 -8365418624.32 5309.20572398 2961902.30822 698962170406 238060473227 65080066152.7 286545845816 359641293278 978144138695 0 0 0 0 0 0 0 0 0 0 0 8242899.57586 9320183.12918 
4.39954485225e-05 2.47776773644e-05 -411.564693923 -8568274049.83 5316.58672128 3028613.87332 690200719150 244759163812 69828747680.9 278422594054 371809417430 969331136873 0 0 0 0 0 0 0 0 0 0 0 8500180.98945 10314359.8596 
4.39958879064e-05 2.45960076117e-05 -415.380326682 -8780024112.48 5323.79705349 3098236.38875 681638483330 251451257232 74784603088.1 270309050652 383915990008 960295695210 0 0 0 0 0 0 0 0 0 0 0 8750293.62312 11384664.2105 
4.39963283259e-05 2.44122063506e-05 -419.300409927 -9000928518.61 5330.85068587 3170874.58212 673323046067 258130192535 79932065439.2 262250239445 395900661826 951034981206 0 0 0 0 0 0 0 0 0 0 0 8991501.21179 12529773.78 
4.39967690186e-05 2.42265411685e-05 -423.322514202 -9231145723.58 5337.76014911 3246602.48533 665302110374 264789472181 85250733061.9 254294693698 407699024221 941551719306 0 0 0 0 0 0 0 0 0 0 0 9222048.02199 13746443.5189 
4.39972090576e-05 2.40393602255e-05 -427.442200799 -9470718581.41 5344.53632637 3325458.51976 657621671948 271422868188 90715634890 246492938955 419244698991 931854586236 0 0 0 0 0 0 0 0 0 0 0 9440225.62647 15029352.7321 
4.39976473855e-05 2.38510815024e-05 -431.65309706 -9719568285.28 5351.1883291 3407443.14931 650323959421 278024693721 96297924112.1 238895520649 430471992650 921958182839 0 0 0 0 0 0 0 0 0 0 0 9644448.41911 16371101.062 
4.39980828636e-05 2.36621751337e-05 -435.947141653 -9977498341.46 5357.72346928 3492519.61588 643445389637 284590093542 101965970775 231550772560 441318837768 911882544184 0 0 0 0 0 0 0 0 0 0 0 9833329.1037 17762378.0362 
4.39985143289e-05 2.34731409207e-05 -440.314972841 -10244207995.2 5364.14732209 3580617.70796 637014818332 291115294698 107686742050 224502600315 451729649397 901652232983 0 0 0 0 0 0 0 0 0 0 0 10005744.1765 19192301.4403 
4.39989406522e-05 2.32844839392e-05 -444.746408598 -10519313593.3 5370.46386759 3671640.00914 631052323963 297597769136 113427302957 217788562911 461657726346 891295129521 0 0 0 0 0 0 0 0 0 0 0 10160880.8061 20648889.9513 
4.39993607903e-05 2.30966911692e-05 -449.230958566 -10802374764 5376.67569856 3765469.77734 625568660730 304036286617 119156257288 211438474041 471066921390 880841065922 0 0 0 0 0 0 0 0 0 0 0 10298259.9765 22119613.9784 
4.39997738261e-05 2.29102118342e-05 -453.758303955 -11092921690.2 5382.78426956 3861979.34195 620565404023 310430852960 124844964607 205473652490 479932433186 870320473781 0 0 0 0 0 0 0 0 0 0 0 10417734.7962 23591957.3833 
4.40001789956e-05 2.27254430463e-05 -458.318698614 -11390480940.6 5388.79016506 3961038.05158 616035695084 316782554919 130468428018 199906828967 488240736186 859763181299 0 0 0 0 0 0 0 0 0 0 0 10519466.999 25053929.0655 
4.40005756986e-05 2.25427212672e-05 -462.903265188 -11694596842.2 5394.69336621 4062519.06745 611965418627 323093345625 136005813995 194742618777 495988789843 849197448608 0 0 0 0 0 0 0 0 0 0 0 10603887.3422 26494479.9527 
4.40009634983e-05 2.23623192851e-05 -467.504177878 -12004847662.4 5400.49349567 4166304.55733 608334623831 329365802794 141440621308 189978413218 503182734587 838649284568 0 0 0 0 0 0 0 0 0 0 0 10671646.5849 27903801.3793 
4.40013421104e-05 2.21844475219e-05 -472.114746303 -12320856333.1 5406.19003457 4272289.30224 605119007213 335602896338 146760565152 185605516310 509836309593 828142027721 0 0 0 0 0 0 0 0 0 0 0 10723563.4556 29273503.2888 
4.4001711386e-05 2.20092586608e-05 -476.729413584 -12642296115.4 5411.78249677 4380382.7111 602291325057 341807777798 151957248339 181610380296 515969182560 817696169079 0 0 0 0 0 0 0 0 0 0 0 10760574.4945 30596682.4336 
4.40020712921e-05 2.18368540397e-05 -481.343699605 -12968892479.1 5417.27056936 4490509.69319 599822639708 347983614063 157025709049 177975811976 521605355333 807329346832 0 0 0 0 0 0 0 0 0 0 0 10783689.2029 31867903.8671 
4.40024218906e-05 2.16672908461e-05 -485.954109418 -13300422102.2 5422.65421843 4602610.6694 597683358079 354133466112 161963911275 174682073116 526771737409 797056463851 0 0 0 0 0 0 0 0 0 0 0 10793952.1515 33083118.6944 
4.40027633192e-05 2.15005895264e-05 -490.558019742 -13636710011.8 5427.93375845 4716640.89879 595844054926 360260203599 166772224606 171707834854 531496930321 786889891968 0 0 0 0 0 0 0 0 0 0 0 10792412.5254 34239539.131 
4.40030957736e-05 2.13367405811e-05 -495.153565508 -13977625802.4 5433.10990024 4832569.57702 594276089554 366366460988 171452937846 169030963868 535810245740 776839706233 0 0 0 0 0 0 0 0 0 0 0 10780100.7993 35335492.0872 
4.40034194925e-05 2.11757107739e-05 -499.739526877 -14323079267.8 5438.18377274 4950378.69112 592952045767 372454616743 176009817844 166629150120 539740936389 766913940914 0 0 0 0 0 0 0 0 0 0 0 10758011.6996 36370263.5464 
4.40037347446e-05 2.10174484674e-05 -504.315226429 -14673016130 5443.15692854 5070061.86734 591846023100 378526794302 180447727903 164480387382 543317621038 757118839218 0 0 0 0 0 0 0 0 0 0 0 10727092.467 37343945.3237 
4.40040418187e-05 2.0861888194e-05 -508.88043561 -15027413825 5448.03133371 5191623.20595 590933810693 384584873815 184772304150 162563328403 546567871002 747459093250 0 0 0 0 0 0 0 0 0 0 0 10688235.4089 38257290.2198 
4.4004341015e-05 2.0708954349e-05 -513.435295945 -15386277710.4 5452.80935069 5315076.27244 590192969942 390630515679 188989691654 160857533711 549517931935 737938058195 0 0 0 0 0 0 0 0 0 0 0 10642273.7715 39111580.6082 
4.40046326387e-05 2.055856429e-05 -517.980248909 -15749637610.3 5457.49371119 5440443.11683 589602850681 396665184232 193106329210 159343637114 552192548650 728557950628 0 0 0 0 0 0 0 0 0 0 0 10589980.1568 39908511.1751 
4.40049169953e-05 2.04106307906e-05 -522.515977705 -16117544796.6 5462.0874861 5567753.43654 589144558905 402690174277 197128780304 158003444031 554614872132 719320021707 0 0 0 0 0 0 0 0 0 0 0 10532066.7862 40650087.2284 
4.40051943864e-05 2.02650639947e-05 -527.043358327 -16490069340.9 5466.594053 5697043.84359 588800891507 408706636633 201063602047 156819978907 556806427285 710224709328 0 0 0 0 0 0 0 0 0 0 0 10469187.0784 41338537.8249 
4.4005465107e-05 2.01217729273e-05 -531.563419598 -16867297908.3 5471.0170636 5828357.25608 588556249565 414715602796 204917246496 155777494273 558787125484 701271769008 0 0 0 0 0 0 0 0 0 0 0 10401938.1071 41976242.8584 
4.4005729444e-05 1.99806666774e-05 -536.077309769 -17249331885.6 5475.36041131 5961742.3715 588396539020 420718006485 208695987510 154861452172 560575308238 692460387918 0 0 0 0 0 0 0 0 0 0 0 10330863.6312 42565672.5946 
4.40059876743e-05 1.9841655253e-05 -540.586270673 -17636285820.3 5479.62820156 6097253.27281 588309065071 426714704579 212405869856 154058485687 562187812734 683789280015 0 0 0 0 0 0 0 0 0 0 0 10256457.4243 43109338.4979 
4.40062400643e-05 1.97046502452e-05 -545.091615916 -18028286196.5 5483.82472314 6234949.08536 588282424996 432706494071 216052674132 153356347508 563640050420 675256769300 0 0 0 0 0 0 0 0 0 0 0 10179166.7644 43609753.5409 
4.40064868692e-05 1.95695652781e-05 -549.59471445 -18425470418.3 5487.95442286 6374893.7399 588306402514 438694128047 219641895752 152743849958 564946093716 666860858797 0 0 0 0 0 0 0 0 0 0 0 10099395.9223 44069400.9092 
4.40067283333e-05 1.94363162889e-05 -554.096978637 -18827986172.1 5492.02188361 6517155.83272 588371865890 444678330694 223178734857 152210800274 566118766354 658599287429 0 0 0 0 0 0 0 0 0 0 0 10017509.5608 44490709.761 
4.40069646896e-05 1.93048216933e-05 -558.599855518 -19235990897 5496.03180512 6661808.55723 588470671141 450659810658 226668094178 151747933982 567169733990 650469577699 0 0 0 0 0 0 0 0 0 0 0 9933835.99584 44876036.8108 
4.40071961606e-05 1.91750025019e-05 -563.104819277 -19649651447.2 5499.98898613 6808929.65272 588595571061 456639270999 230114581794 151346848401 568109592672 642469078150 0 0 0 0 0 0 0 0 0 0 0 9848670.31402 45227652.6335 
4.40074229581e-05 1.904678228e-05 -567.61336889 -20069144153.8 5503.89831188 6958601.50869 588740130510 462617421861 233522520684 150999937216 568947954739 634594993831 0 0 0 0 0 0 0 0 0 0 0 9762277.24113 45547732.2014 
4.40076452841e-05 1.89200870846e-05 -572.127026656 -20494654829.3 5507.76474314 7110911.29813 588898647989 468594990786 236895960731 150700327516 569693530144 626844413100 0 0 0 0 0 0 0 0 0 0 0 9674893.8265 45838348.5327 
4.40078633312e-05 1.87948453463e-05 -576.647338858 -20926379172 5511.59330811 7265951.1873 589066083406 474572732914 240238693432 150441819716 570354203056 619214328867 0 0 0 0 0 0 0 0 0 0 0 9586731.91347 46101468.9703 
4.40080772832e-05 1.86709877217e-05 -581.175877836 -21364523205.5 5515.38909671 7423818.60582 589237991734 480551440577 243554268217 150218830758 570937103375 611701655883 0 0 0 0 0 0 0 0 0 0 0 9497980.41035 46338953.5282 
4.40082873158e-05 1.85484468746e-05 -585.714247046 -21809304040.9 5519.15725848 7584616.6402 589410462335 486531954757 246846011071 150026340676 571448673277 604303241880 0 0 0 0 0 0 0 0 0 0 0 9408807.336 46552554.9523 
4.40084935971e-05 1.84271572606e-05 -590.264086636 -22260950796.8 5522.90300224 7748454.47465 589580063449 492515175440 250117043306 149859842730 571894728502 597015877087 0 0 0 0 0 0 0 0 0 0 0 9319361.69605 46743919.9866 
4.40086962887e-05 1.83070548482e-05 -594.827082043 -22719705800.1 5526.63159942 7915447.97571 589743791570 498502074417 253370302052 149715296922 572280514827 589836298394 0 0 0 0 0 0 0 0 0 0 0 9229775.15157 46914591.6725 
4.40088955457e-05 1.81880768415e-05 -599.404973316 -23185825978.3 5530.34838935 8085720.3498 589899025196 504493707682 256608560602 149589086897 572610759670 582761192252 0 0 0 0 0 0 0 0 0 0 0 9140163.53678 47066012.3153 
4.40090915181e-05 1.80701613486e-05 -603.99956741 -23659584707.8 5534.05878844 8259402.96511 590043482646 510491230518 259834450075 149477979997 572889719250 575787193135 0 0 0 0 0 0 0 0 0 0 0 9050628.19494 47199527.0063 
4.4009284351e-05 1.79532470374e-05 -608.61275202 -24141273801.5 5537.76830198 8436636.29911 590175183488 516495913459 263050481247 149379090340 573121221416 568910880223 0 0 0 0 0 0 0 0 0 0 0 8961257.17372 47316387.4648 
4.4009474186e-05 1.78372727072e-05 -613.246513853 -24631206258.3 5541.48254119 8617571.13713 590292413287 522509162961 266259068480 149289844674 573308704527 562128768392 0 0 0 0 0 0 0 0 0 0 0 8872126.23793 47417756.1337 
4.40096611613e-05 1.77221768403e-05 -617.902959124 -25129719164.9 5545.20724382 8802369.95856 590393691203 528532543844 269462554086 149207950857 573455252425 555437297459 0 0 0 0 0 0 0 0 0 0 0 8783299.75835 47504710.3292 
4.40098454134e-05 1.7607897089e-05 -622.584338211 -25637177637.3 5548.94830009 8991208.6075 590477740146 534567805991 272663234409 149131368721 573563625819 548832817307 0 0 0 0 0 0 0 0 0 0 0 8694831.4542 47578246.3915 
4.40100270774e-05 1.74943696571e-05 -627.293076505 -26153979248.7 5552.71178597 9184278.35897 590543459117 540616917783 275863388883 149058283076 573636290248 542311566807 0 0 0 0 0 0 0 0 0 0 0 8606764.96872 47639283.7669 
4.40102062885e-05 1.73815285746e-05 -632.031811918 -26680559837.6 5556.50400449 9381788.44218 590589897362 546682106666 279065312269 148987078651 573675440715 535869646846 0 0 0 0 0 0 0 0 0 0 0 8519134.28846 47688668.9192 
4.40103831833e-05 1.72693048333e-05 -636.803440983 -27217400384.3 5560.33153731 9583969.14857 590616229916 552765909033 282271351201 148916316720 573683023047 529502985985 0 0 0 0 0 0 0 0 0 0 0 8431963.99327 47727179.0033 
4.40105579011e-05 1.71576253173e-05 -641.611177084 -27765035912.7 5564.20131024 9791075.74061 590621734126 558871233546 285483947240 148844713135 573660752004 523207295407 0 0 0 0 0 0 0 0 0 0 0 8345269.29793 47755525.2367 
4.40107305862e-05 1.70464114665e-05 -646.458624376 -28324066712.9 5568.12067654 10003393.4034 590605766597 565001441821 288705688502 148771117478 573610126003 516978010463 0 0 0 0 0 0 0 0 0 0 0 8259055.85484 47774355.877 
4.401090139e-05 1.69355775501e-05 -651.34987426 -28895172842.6 5572.09752534 10221243.6616 590567739897 571160454399 291939374064 148694492939 573532438165 510810212564 0 0 0 0 0 0 0 0 0 0 0 8173319.23764 47784258.7052 
4.40110704741e-05 1.68250284371e-05 -656.28963126 -29479133187.3 5576.14042297 10444992.7377 590507098150 577352889434 295188095087 148613896493 573428783220 504698526385 0 0 0 0 0 0 0 0 0 0 0 8088044.04312 47785762.8659 
4.40112380144e-05 1.67146565297e-05 -661.283385944 -30076851227.2 5580.25880495 10675062.8921 590423290210 583584254607 298455343495 148528458676 573300059320 498636975503 0 0 0 0 0 0 0 0 0 0 0 8003202.38399 47779339.8637 
4.40114042068e-05 1.6604337647e-05 -666.337648801 -30689390402.5 5584.46323521 10911947.7524 590315738654 589861207147 301745156104 148437362174 573146963454 492618787027 0 0 0 0 0 0 0 0 0 0 0 7918751.65106 47765403.3958 
4.40115692752e-05 1.64939249991e-05 -671.460290425 -31318024012.9 5588.76577795 11156234.2902 590183801502 596191934649 305062321975 148339817631 572969977754 486636101788 0 0 0 0 0 0 0 0 0 0 0 7834630.95054 47744307.5079 
4.40117334831e-05 1.63832404081e-05 -676.661037406 -31964308731.3 5593.18053616 11408634.6822 590026721941 602586711720 308412682088 148235034569 572769342619 480679549927 0 0 0 0 0 0 0 0 0 0 0 7750755.674 47716342.2097 
4.40118971517e-05 1.6272060707e-05 -681.952237119 -32630196309.1 5597.72447345 11670034.952 589843557389 609058762128 311803589695 148122183293 572545008716 474737589331 0 0 0 0 0 0 0 0 0 0 0 7667008.79547 47681725.0032 
4.40120606899e-05 1.61600956215e-05 -687.35009593 -33318213031.5 5602.41873115 11941572.9668 589633071710 615625659779 315244654366 148000340257 572296552900 468795424726 0 0 0 0 0 0 0 0 0 0 0 7583226.39677 47640585.3573 
4.4012224645e-05 1.60469495772e-05 -692.876807749 -34031765730.7 5607.29087158 12224771.3293 589393557866 622311744813 318749020793 147868401730 572023027537 462833134699 0 0 0 0 0 0 0 0 0 0 0 7499172.29997 47592936.1143 
4.40123897986e-05 1.5932050515e-05 -698.564504528 -34775703956 5612.37900596 12521782.0173 589122518531 629152620193 322335743786 147724932140 571722675257 456822171020 0 0 0 0 0 0 0 0 0 0 0 7414490.31302 47538618.4252 
4.40125573598e-05 1.58145058471e-05 -704.463231842 -35557447923.9 5617.74008259 12835877.7618 588816031151 636204244465 326034585385 147567866963 571392346703 450718265437 0 0 0 0 0 0 0 0 0 0 0 7328607.07819 47477188.1255 
4.40127293642e-05 1.56928044158e-05 -710.657549302 -36389352336.7 5623.46723553 13172481.4855 588467405123 643561810111 329895972971 147393891651 571026262650 444446804171 0 0 0 0 0 0 0 0 0 0 0 7240531.79178 47407672.2315 
4.40129089743e-05 1.55645706306e-05 -717.282055275 -37291462598 5629.70846363 13540282.0888 588065461364 651376401541 333999847091 147197685373 570614561908 437891679120 0 0 0 0 0 0 0 0 0 0 0 7148710.83263 47328277.888 
4.40130969886e-05 1.54290456942e-05 -724.394535078 -38276109454.2 5636.55020915 13944357.6535 587601939487 659704410512 338376656410 146975536531 570151069068 431022604557 0 0 0 0 0 0 0 0 0 0 0 7052821.84934 47237915.411 
4.4013266388e-05 1.53057793803e-05 -730.965165283 -39206033661 5643.00700095 14326276.4559 587145688876 667340667975 342393172095 146759959510 569704630437 424826872862 0 0 0 0 0 0 0 0 0 0 0 6966685.3649 47150310.0034 
4.40134312808e-05 1.51847105781e-05 -737.514789486 -40143496671.6 5649.57873833 14715391.944 586665381096 674897761471 346371329069 146535416904 569243496173 418789570273 0 0 0 0 0 0 0 0 0 0 0 6883127.54283 47059542.3442 
4.40136040462e-05 1.50566886682e-05 -744.546381437 -41164985954.5 5656.7901531 15142690.5135 586122784464 682950163843 350614021076 146283915971 568731899182 412456976291 0 0 0 0 0 0 0 0 0 0 0 6795937.9251 46958772.1617 
4.40137623054e-05 1.49383371825e-05 -751.145605118 -42141113615.3 5663.71085843 15552898.4652 585589421416 690450304085 354569417521 146038342559 568237355363 406649317668 0 0 0 0 0 0 0 0 0 0 0 6716439.66781 46861497.6953 
4.40139093956e-05 1.48273913084e-05 -757.419835984 -43081738775.1 5670.4320984 15951321.4809 585061733828 697529948552 358306441707 145796563313 567755209121 401245425978 0 0 0 0 0 0 0 0 0 0 0 6642910.35147 46766935.487 
4.4014047482e-05 1.47223878738e-05 -763.437898712 -43995732643.7 5677.01187855 16341337.2885 584537635918 704273875559 361869415371 145557287019 567282593363 396166699434 0 0 0 0 0 0 0 0 0 0 0 6574229.97701 46674606.2106 
4.40141779835e-05 1.46223805862e-05 -769.243167148 -44888444508.2 5683.48531656 16724992.3988 584016182007 710736221385 365286595724 145319841724 566817929342 391361696639 0 0 0 0 0 0 0 0 0 0 0 6509660.67875 46584256.3562 
4.40143019508e-05 1.45266720743e-05 -774.867264598 -45763707332.4 5689.87755413 17103759.0833 583496792037 716956689281 368578689020 145083783601 566360125138 386792334587 0 0 0 0 0 0 0 0 0 0 0 6448653.89136 46495710.3163 
4.40144202027e-05 1.44347202844e-05 -780.334638072 -46624460372.6 5696.20783878 17478772.2563 582979058031 722966074362 371761746792 144848788939 565908353362 382428949479 0 0 0 0 0 0 0 0 0 0 0 6390780.87248 46408832.6135 
4.40145333947e-05 1.43460918945e-05 -785.664749898 -47473031234.7 5702.49137595 17850936.0136 582462678252 728788959434 374848576422 144614612035 565461962724 378247792253 0 0 0 0 0 0 0 0 0 0 0 6335697.24513 46323514.238 
4.40146420614e-05 1.42604341409e-05 -790.873373264 -48311296716.3 5708.74038216 18220983.9084 581947427852 734445327024 377849583508 144381063910 565020431870 374229498334 0 0 0 0 0 0 0 0 0 0 0 6283121.23178 46239665.9571 
4.40147466451e-05 1.41774557507e-05 -795.973462416 -49140788683.8 5714.9647811 18589518.7373 581433141245 739951646684 380773339690 144147998892 564583339497 370358048703 0 0 0 0 0 0 0 0 0 0 0 6232818.84282 46157214.0087 
4.40148475163e-05 1.40969133002e-05 -800.97577499 -49962769624.5 5721.17269979 18957040.9098 580919699510 745321652932 383626988819 143915305112 564150342809 366620026773 0 0 0 0 0 0 0 0 0 0 0 6184593.272 46076096.9261 
4.40149449891e-05 1.40186011205e-05 -805.889334345 -50778289071.4 5727.37083912 19323969.6528 580407020453 750566922200 386416548190 143682897288 563721161035 363004069363 0 0 0 0 0 0 0 0 0 0 0 6138277.06226 45996263.0324 
4.40150393322e-05 1.39423436922e-05 -810.72177916 -51588226349.9 5733.56475586 19690659.1602 579895050668 755697308260 389147135900 143450711135 563295562628 359500453896 0 0 0 0 0 0 0 0 0 0 0 6093726.21705 45917668.4493 
4.40151307777e-05 1.38679898304e-05 -815.47963191 -52393323570 5739.75908108 20057411.0969 579383759127 760721275913 391823145097 143218698984 562873355188 356100783189 0 0 0 0 0 0 0 0 0 0 0 6050815.70652 45840275.5013 
4.40152195281e-05 1.37954081849e-05 -820.168507243 -53194211318 5745.95769086 20424484.3757 578873132016 765646159493 394448378985 142986826312 562454377522 352797741914 0 0 0 0 0 0 0 0 0 0 0 6009435.99775 45764051.4427 
4.4015305761e-05 1.37244837315e-05 -824.793274758 -53991428794.7 5752.16384052 20792102.8287 578363168667 770478364613 397026156180 142755069030 562038493390 349584906745 0 0 0 0 0 0 0 0 0 0 0 5969490.3507 45688967.4492 
4.40153896339e-05 1.36551150069e-05 -829.358187389 -54785439768.4 5758.38027087 21160461.2772 577853878338 775223527140 399559393743 142523411339 561625586578 346456596760 0 0 0 0 0 0 0 0 0 0 0 5930892.6884 45614997.8207 
4.40154712867e-05 1.35872119012e-05 -833.866984089 -55576645287.3 5764.60929391 21529730.4172 577345277622 779886640199 402050673502 142291844009 561215556945 343407754034 0 0 0 0 0 0 0 0 0 0 0 5893565.898 45542119.3403 
4.40155508452e-05 1.35206938966e-05 -838.322971509 -56365393839.6 5770.85286088 21900060.6877 576837388489 784472155302 404502294865 142060363055 560808317337 340433848222 0 0 0 0 0 0 0 0 0 0 0 5857440.4724 45470310.7777 
4.40156284224e-05 1.34554886329e-05 -842.729090599 -57151989609.8 5777.11261822 22271585.4457 576330236682 788984064714 406916317825 141828968641 560403791089 337530798858 0 0 0 0 0 0 0 0 0 0 0 5822453.40498 45399552.4852 
4.40157041208e-05 1.33915307399e-05 -847.087970724 -57936699211.3 5783.3899531 22644423.5403 575823850485 793425968422 409294597937 141597664230 560001910027 334694911967 0 0 0 0 0 0 0 0 0 0 0 5788547.28764 45329826.0796 
4.40157780338e-05 1.33287608784e-05 -851.40197392 -58719757148.9 5789.68603067 23018681.4107 575318259778 797801128968 411638814934 141366455894 559602612883 331922827959 0 0 0 0 0 0 0 0 0 0 0 5755669.56884 45261114.1901 
4.40158502465e-05 1.32671249407e-05 -855.673231864 -59501370382.5 5796.00182542 23394454.8493 574813495252 802112517194 413950496616 141135351754 559205843990 329211478125 0 0 0 0 0 0 0 0 0 0 0 5723771.93479 45193400.2528 
4.40159208372e-05 1.3206573389e-05 -859.903676206 -60281722110.3 5802.33814682 23771830.4314 574309587852 806362849909 416231038508 140904361538 558811552255 326558048545 0 0 0 0 0 0 0 0 0 0 0 5692809.79496 45126668.3513 
4.40159898779e-05 1.31470606968e-05 -864.095064206 -61060974891.1 5808.69566108 24150886.7277 573806568323 810554621685 418481720454 140673496223 558419690316 323959949555 0 0 0 0 0 0 0 0 0 0 0 5662741.84715 45060903.0875 
4.4016057435e-05 1.30885448752e-05 -868.249000382 -61839273308.6 5815.07490966 24531695.3288 573304466853 814690131741 420703720646 140442767728 558030213846 321414789849 0 0 0 0 0 0 0 0 0 0 0 5633529.70839 44996089.4766 
4.40161235703e-05 1.30309870738e-05 -872.366954649 -62616746208.7 5821.47632469 24914321.6923 572803312829 818771506524 422898127412 140212188689 557643081011 318920354541 0 0 0 0 0 0 0 0 0 0 0 5605137.60164 44932212.8667 
4.40161883411e-05 1.29743512348e-05 -876.450278034 -63393508595.5 5827.90024249 25298825.8857 572303134621 822800719244 425065949405 139981772254 557258252006 316474586187 0 0 0 0 0 0 0 0 0 0 0 5577532.0851 44869258.8711 
4.40162518007e-05 1.2918603801e-05 -880.500215806 -64169663267.8 5834.34691471 25685263.1896 571803959467 826779606294 427208124168 139751531933 556875688699 314075568639 0 0 0 0 0 0 0 0 0 0 0 5550681.82107 44807213.3192 
4.4016313999e-05 1.28637134569e-05 -884.517919184 -64945302195.4 5840.8165186 26073684.6543 571305813343 830709881800 429325525730 139521481455 556495354314 311721512802 0 0 0 0 0 0 0 0 0 0 0 5524557.37258 44746062.212 
4.40163749828e-05 1.28096509099e-05 -888.504455074 -65720507718.4 5847.30916525 26464137.5418 570808720919 834593149843 431418970980 139291634674 556117213201 309410744474 0 0 0 0 0 0 0 0 0 0 0 5499131.0289 44685791.6929 
4.40164347958e-05 1.27563886957e-05 -892.460814771 -66495353602.7 5853.82490723 26856665.7323 570312705504 838430915328 433489225331 139062005473 555741230631 307141693564 0 0 0 0 0 0 0 0 0 0 0 5474376.65111 44626388.0211 
4.40164934792e-05 1.27039010091e-05 -896.387921461 -67269905932.5 5860.3637451 27251310.0682 569817789032 842224593383 435537007632 138832607698 555367372636 304912884678 0 0 0 0 0 0 0 0 0 0 0 5450269.53678 44567837.5532 
4.40165510719e-05 1.26521635556e-05 -900.286636731 -68044223882 5866.92563303 27648108.6496 569323992063 845975517561 437562994438 138603455096 554995605882 302722928841 0 0 0 0 0 0 0 0 0 0 0 5426786.30096 44510126.7298 
4.40166076105e-05 1.26011534188e-05 -904.157766473 -68818360435.6 5873.51048408 28047097.1095 568831333778 849684947215 439567823864 138374561269 554625897557 300570516079 0 0 0 0 0 0 0 0 0 0 0 5403904.76944 44453242.0637 
4.40166631295e-05 1.25508489452e-05 -908.002065814 -69592362959.8 5880.11817444 28448308.8292 568339832018 853354073761 441552098846 138145939636 554258215304 298454408973 0 0 0 0 0 0 0 0 0 0 0 5381603.88551 44397170.1349 
4.40167176618e-05 1.25012296388e-05 -911.820243803 -70366273764.7 5886.74854766 28851775.16 567849503293 856984026533 443516390197 137917603400 553892527133 296373436741 0 0 0 0 0 0 0 0 0 0 0 5359863.62472 44341897.5837 
4.40167712383e-05 1.24522760705e-05 -915.612967257 -71140130550.6 5893.40141797 29257525.5876 567360362827 860575877691 445461239168 137689565524 553528801393 294326490111 0 0 0 0 0 0 0 0 0 0 0 5338664.92039 44287411.111 
4.40168238886e-05 1.24039697938e-05 -919.380864417 -71913966847.4 5900.07657362 29665587.9014 566872424592 864130646818 447387159845 137461838710 553167006715 292312516599 0 0 0 0 0 0 0 0 0 0 0 5317989.59522 44233697.4758 
4.40168756406e-05 1.23562932707e-05 -923.124528138 -72687812376.6 5906.77377975 30075988.3375 566385701343 867649304959 449294641258 137234435381 552807111989 290330516302 0 0 0 0 0 0 0 0 0 0 0 5297820.30018 44180743.4961 
4.4016926521e-05 1.23092298056e-05 -926.844518654 -73461693377.4 5913.49278078 30488751.6962 565900204674 871132778163 451184149222 137007367676 552449086348 288379538147 0 0 0 0 0 0 0 0 0 0 0 5278140.4596 44128536.0521 
4.40169765553e-05 1.22627634836e-05 -930.541366258 -74235632923.6 5920.23330297 30903901.469 565415945046 874581950852 453056128105 136780647431 552092899142 286458676396 0 0 0 0 0 0 0 0 0 0 0 5258934.22046 44077062.0868 
4.40170257676e-05 1.22168791168e-05 -934.215573512 -75009651166.2 5926.99505631 31321459.9292 564932931843 877997668668 454911002304 136554286177 551738519937 284567067581 0 0 0 0 0 0 0 0 0 0 0 5240186.4072 44026308.611 
4.40170741812e-05 1.2171562195e-05 -937.867617319 -75783765580.7 5933.77773644 31741448.2229 564451173425 881380741120 456749177630 136328295141 551385918514 282703887675 0 0 0 0 0 0 0 0 0 0 0 5221882.48025 43976262.7072 
4.4017121818e-05 1.21267988386e-05 -941.497950918 -76557991194.4 5940.58102656 32163886.4644 563970677149 884731944106 458571042623 136102685229 551035064855 280868349454 0 0 0 0 0 0 0 0 0 0 0 5204008.49736 43926911.5322 
4.40171686993e-05 1.20825757599e-05 -945.107005458 -77332340763.3 5947.40459875 32588793.7954 563491449441 888052021968 460376969625 135877467037 550685929156 279059700207 0 0 0 0 0 0 0 0 0 0 0 5186551.07952 43878242.3233 
4.40172148452e-05 1.20388802236e-05 -948.695191653 -78106824958.6 5954.24811562 33016188.4644 563013495820 891341689585 462167315870 135652650846 550338481823 277277219522 0 0 0 0 0 0 0 0 0 0 0 5169497.37846 43830242.402 
4.40172602753e-05 1.19957000137e-05 -952.262901106 -78881452527 5961.11123142 33446087.8786 562536820957 894601634117 463942424394 135428246620 549992693488 275520217355 0 0 0 0 0 0 0 0 0 0 0 5152835.04759 43782899.1793 
4.40173050081e-05 1.19530234011e-05 -955.810507659 -79656230419.4 5967.99359339 33878508.6655 562061428706 897832516711 465702624927 135204264013 549648535006 273788032174 0 0 0 0 0 0 0 0 0 0 0 5136552.21466 43736200.1603 
4.40173490615e-05 1.19108391148e-05 -959.338368554 -80431163959.2 5974.8948428 34313466.724 561587322153 901034974027 467448234687 134980712368 549305977469 272080029295 0 0 0 0 0 0 0 0 0 0 0 5120637.45671 43690132.9489 
4.40173924527e-05 1.18691363155e-05 -962.846825484 -81206256912.9 5981.81461589 34750977.2651 561114503653 904209619597 469179559089 134757600720 548964992214 270395599351 0 0 0 0 0 0 0 0 0 0 0 5105079.77703 43644685.2529 
4.40174351981e-05 1.1827904571e-05 -966.336205587 -81981511640.4 5988.75254484 35191054.8569 560642974875 907357045128 470896892422 134534937802 548625550836 268734156856 0 0 0 0 0 0 0 0 0 0 0 5089868.58353 43599844.8884 
4.40174773136e-05 1.17871338325e-05 -969.80682242 -82756929177.6 5995.70825868 35633713.4709 560172736827 910477821745 472600518504 134312732044 548287625187 267095138858 0 0 0 0 0 0 0 0 0 0 0 5074993.66855 43555599.7839 
4.40175188146e-05 1.17468144142e-05 -973.258976749 -83532509343.4 6002.68138406 36078966.5121 559703789898 913572501037 474290711220 134090991578 547951187394 265478003733 0 0 0 0 0 0 0 0 0 0 0 5060445.1904 43511937.9849 
4.40175597156e-05 1.17069369749e-05 -976.69295722 -84308250792.8 6009.6715457 36526826.8394 559236133911 916641615991 475967735011 133869724253 547616209879 263882230095 0 0 0 0 0 0 0 0 0 0 0 5046213.65641 43468847.6594 
4.4017600031e-05 1.16674924976e-05 -980.109041262 -85084151124.9 6016.67836745 36977306.8204 558769768127 919685682095 477631845450 133648937622 547282665344 262307315651 0 0 0 0 0 0 0 0 0 0 0 5032289.90594 43426317.0994 
4.40176397743e-05 1.16284722746e-05 -983.507495586 -85860206952.1 6023.70147258 37430418.3389 558304691301 922705198070 479283289620 133428638963 546950526806 260752776287 0 0 0 0 0 0 0 0 0 0 0 5018665.09588 43384334.727 
4.40176789588e-05 1.15898678907e-05 -986.888576897 -86636413940 6030.74048452 37886172.8345 557840901697 925700646767 480922306586 133208835272 546619767585 259218145105 0 0 0 0 0 0 0 0 0 0 0 5005330.68601 43342889.0963 
4.40177175972e-05 1.15516712092e-05 -990.252532371 -87412766904.7 6037.79502723 38344581.3147 557378397133 928672495847 482549127741 132989533276 546290361332 257702971608 0 0 0 0 0 0 0 0 0 0 0 4992278.42606 43301968.8982 
4.40177557018e-05 1.15138743575e-05 -993.599600283 -88189259849.6 6044.86472586 38805654.3913 556917174992 931621198570 484163977226 132770739435 545962282019 256206820847 0 0 0 0 0 0 0 0 0 0 0 4979500.34277 43261562.962 
4.40177932845e-05 1.14764697155e-05 -996.930010381 -88965886005 6051.94920693 39269402.2861 556457232270 934547194356 485767072213 132552459948 545635503961 254729272729 0 0 0 0 0 0 0 0 0 0 0 4966988.72855 43221660.2599 
4.40178303568e-05 1.14394499029e-05 -1000.24398439 -89742637907.6 6059.04809889 39735834.8571 555998565588 937450909442 487358623249 132334700760 545310001821 253269921285 0 0 0 0 0 0 0 0 0 0 0 4954736.1302 43182249.9089 
4.40178669298e-05 1.14028077684e-05 -1003.54173646 -90519507412.1 6066.16103243 40204961.6178 555541171221 940332757463 488938834560 132117467563 544985750610 251828374012 0 0 0 0 0 0 0 0 0 0 0 4942735.33841 43143321.1734 
4.40179030142e-05 1.13665363782e-05 -1006.82347354 -91296485765.6 6073.28764093 40676791.7576 555085045118 943193140014 490507904339 131900765804 544662725694 250404251244 0 0 0 0 0 0 0 0 0 0 0 4930979.37781 43104863.4669 
4.40179386206e-05 1.13306290085e-05 -1010.08939568 -92073563610.7 6080.42756043 41151334.1375 554630182942 946032447033 492066024946 131684600698 544340902817 248997185625 0 0 0 0 0 0 0 0 0 0 0 4919461.49814 43066866.3558 
4.40179737589e-05 1.1295079133e-05 -1013.33969653 -92850731058.7 6087.58043042 41628597.3395 554176580059 948851057483 493613383261 131468977214 544020258073 247606821468 0 0 0 0 0 0 0 0 0 0 0 4908175.16453 43029319.5584 
4.4018008439e-05 1.12598804176e-05 -1016.57456346 -93627977696.2 6094.74589352 42108589.6397 553724231599 951649339558 495150160789 131253900104 543700767950 246232814352 0 0 0 0 0 0 0 0 0 0 0 4897114.05015 42992212.95 
4.40180426703e-05 1.12250267089e-05 -1019.79417809 -94405292627.5 6101.92359629 42591319.0629 553273132434 954427651352 496676534011 131039373886 543382409295 244874830520 0 0 0 0 0 0 0 0 0 0 0 4886272.02726 42955536.5604 
4.4018076462e-05 1.11905120303e-05 -1022.99871628 -95182664497.9 6109.11318879 43076793.3485 552823277242 957186340983 498192674439 130825402874 543065159357 243532546549 0 0 0 0 0 0 0 0 0 0 0 4875643.16075 42919280.5793 
4.40181098231e-05 1.11563305705e-05 -1026.18834874 -95960081533 6116.31432545 43565020.0104 552374660479 959925747252 499698748963 130611991155 542748995750 242205648785 0 0 0 0 0 0 0 0 0 0 0 4865221.69987 42883435.3533 
4.40181427622e-05 1.11224766804e-05 -1029.36324095 -96737531550.3 6123.52666464 44056006.3042 551927276437 962646199748 501194919904 130399142620 542433896492 240893833052 0 0 0 0 0 0 0 0 0 0 0 4855002.07238 42847991.3901 
4.40181752876e-05 1.10889448643e-05 -1032.52355362 -97515001973.8 6130.74986918 44549759.2649 551481119232 965348019345 502681345263 130186860955 542119839981 239596804188 0 0 0 0 0 0 0 0 0 0 0 4844978.87745 42812939.3568 
4.40182074076e-05 1.10557297739e-05 -1035.66944285 -98292479904.2 6137.98360645 45046285.7126 551036182824 968031518489 504158178881 129975149646 541806805007 238314275695 0 0 0 0 0 0 0 0 0 0 0 4835146.87959 42778270.0809 
4.401823913e-05 1.10228262042e-05 -1038.80106025 -99069952087.5 6145.22754828 45545592.2462 550592461050 970697001427 505625570543 129764011991 541494770755 237045969424 0 0 0 0 0 0 0 0 0 0 0 4825501.00301 42743974.5516 
4.40182704626e-05 1.09902290857e-05 -1041.91855326 -99847404948.4 6152.48137132 46047685.2703 550149947611 973344764588 507083666183 129553451100 541183716799 235791615204 0 0 0 0 0 0 0 0 0 0 0 4816036.32567 42710043.9184 
4.40183014129e-05 1.09579334808e-05 -1045.02206526 -100624824630 6159.74475695 46552570.9912 549708636107 975975096796 508532607985 129343469902 540873623107 234550950558 0 0 0 0 0 0 0 0 0 0 0 4806748.07409 42676469.4923 
4.4018331988e-05 1.09259345788e-05 -1048.11173573 -101402196985 6167.01739138 47060255.4241 549268520041 978588279525 509972534521 129134071152 540564470041 233323720409 0 0 0 0 0 0 0 0 0 0 0 4797631.61824 42643242.745 
4.40183621952e-05 1.08942276897e-05 -1051.18770051 -102179507601 6174.29896588 47570744.4136 548829592822 981184587218 511403580909 128925257427 540256238351 232109676760 0 0 0 0 0 0 0 0 0 0 0 4788682.46636 42610355.3082 
4.40183920413e-05 1.08628082417e-05 -1054.25009181 -102956741838 6181.58917655 48084043.6203 548391847796 983764287419 512825878878 128717031145 539948909182 230908578483 0 0 0 0 0 0 0 0 0 0 0 4779896.26058 42577798.9738 
4.40184215329e-05 1.08316717752e-05 -1057.29903853 -103733884805 6188.88772469 48600158.5482 547955278234 986327641104 514239556944 128509394552 539642464060 229720191005 0 0 0 0 0 0 0 0 0 0 0 4771268.7721 42545565.6927 
4.40184506767e-05 1.08008139407e-05 -1060.33466619 -104510921377 6196.19431646 49119094.5266 547519877365 988874902775 515644740449 128302349747 539336884909 228544286130 0 0 0 0 0 0 0 0 0 0 0 4762795.89721 42513647.5748 
4.40184794789e-05 1.07702304929e-05 -1063.35709726 -105287836266 6203.50866324 49640856.738 547085638364 991406320779 517041551728 128095898670 539032154031 227380641751 0 0 0 0 0 0 0 0 0 0 0 4754473.65278 42482036.8872 
4.40185079457e-05 1.07399172881e-05 -1066.36645117 -106064613949 6210.83048151 50165450.2145 546652554372 993922137456 518430110181 127890043112 538728254111 226229041650 0 0 0 0 0 0 0 0 0 0 0 4746298.17246 42450726.0534 
4.40185360832e-05 1.07098702811e-05 -1069.36284444 -106841238731 6218.15949277 50692879.8373 546220618506 996422589300 519810532358 127684784722 538425168216 225089275305 0 0 0 0 0 0 0 0 0 0 0 4738265.70288 42419707.6529 
4.40185638973e-05 1.06800855213e-05 -1072.34639079 -107617694763 6225.4954236 51223150.3423 545789823868 998907907148 521182932046 127480125011 538122879794 223961137682 0 0 0 0 0 0 0 0 0 0 0 4730372.59999 42388974.4196 
4.40185913936e-05 1.06505591484e-05 -1075.31720139 -108393966016 6232.83800598 51756266.3529 545360163527 1.00137831648e+12 522547420435 127276065346 537821372652 222844428986 0 0 0 0 0 0 0 0 0 0 0 4722615.3251 42358519.2391 
4.40186185778e-05 1.06212873919e-05 -1078.27538469 -109170036306 6240.18697664 52292232.3362 544931630566 1.00383403736e+12 523904106071 127072606972 537520630981 221738954579 0 0 0 0 0 0 0 0 0 0 0 4714990.4422 42328335.1499 
4.40186454552e-05 1.05922665669e-05 -1081.22104666 -109945889320 6247.54207736 52831052.6282 544504218071 1.00627528471e+12 525253094996 126869751005 537220639341 220644524763 0 0 0 0 0 0 0 0 0 0 0 4707494.61431 42298415.3407 
4.40186720312e-05 1.05634930699e-05 -1084.15429099 -110721508600 6254.90305526 53372731.4645 544077919118 1.00870226854e+12 526594490887 126667498431 536921382639 219560954552 0 0 0 0 0 0 0 0 0 0 0 4700124.60005 42268753.1475 
4.4018698311e-05 1.0534963379e-05 -1087.07521896 -111496877565 6262.26966218 53917272.9374 543652726813 1.01111519395e+12 527928395016 126465850126 536622846155 218488063614 0 0 0 0 0 0 0 0 0 0 0 4692877.25116 42239342.0544 
4.40187242996e-05 1.05066740492e-05 -1089.98392966 -112271979515 6269.64165504 54464681.0297 543228634271 1.01351426135e+12 529254906394 126264806845 536325015520 217425676049 0 0 0 0 0 0 0 0 0 0 0 4685749.50923 42210175.6904 
4.4018750002e-05 1.04786217103e-05 -1092.88052011 -113046797639 6277.01879582 55014959.6201 542805634627 1.01589966662e+12 530574121842 126064369229 536027876707 216373620246 0 0 0 0 0 0 0 0 0 0 0 4678738.40279 42181247.8274 
4.40187754229e-05 1.04508030657e-05 -1095.76508512 -113821315032 6284.40085112 55568112.4564 542383721055 1.01827160113e+12 531886135988 125864537818 535731416045 215331728796 0 0 0 0 0 0 0 0 0 0 0 4671841.04503 42152552.3798 
4.40188005671e-05 1.04232148883e-05 -1098.63771768 -114595514666 6291.78759275 56124143.2049 541962886743 1.02063025206e+12 533191041438 125665313037 535435620193 214299838267 0 0 0 0 0 0 0 0 0 0 0 4665054.63057 42124083.4007 
4.40188254391e-05 1.03958540208e-05 -1101.49850865 -115369379459 6299.17879689 56683055.3944 541543124940 1.02297580225e+12 534488928693 125466695224 535140476159 213277789191 0 0 0 0 0 0 0 0 0 0 0 4658376.43366 42095835.0826 
4.40188500434e-05 1.03687173711e-05 -1104.3475472 -116142892208 6306.57424483 57244852.481 541124428909 1.02530843059e+12 535779886360 125268684607 534845971269 212265425820 0 0 0 0 0 0 0 0 0 0 0 4651803.80495 42067801.7524 
4.40188743845e-05 1.03418019124e-05 -1107.18492057 -116916035655 6313.97372225 57809537.7969 540706791977 1.02762831191e+12 537064001079 125071281327 534552093185 211262596106 0 0 0 0 0 0 0 0 0 0 0 4645334.16984 42039977.8722 
4.40188984665e-05 1.03151046801e-05 -1110.0107143 -117688792450 6321.37701958 58377114.5861 540290207508 1.02993561726e+12 538341357652 124874485434 534258829886 210269151528 0 0 0 0 0 0 0 0 0 0 0 4638965.02572 42012358.0353 
4.40189222937e-05 1.02886227693e-05 -1112.82501236 -118461145192 6328.78393208 58947586.0179 539874668901 1.03223051398e+12 539612039124 124678296879 533966169657 209284946960 0 0 0 0 0 0 0 0 0 0 0 4632693.93974 41984936.9643 
4.40189458701e-05 1.02623533357e-05 -1115.62789687 -119233076404 6336.19425901 59520955.1294 539460169635 1.03451316565e+12 540876126695 124482715547 533674101113 208309840675 0 0 0 0 0 0 0 0 0 0 0 4626518.54727 41957709.5111 
4.40189691997e-05 1.02362935917e-05 -1118.41944848 -120004568544 6343.6078043 60097224.885 539046703230 1.03678373237e+12 542133699899 124287741230 533382613164 207343694138 0 0 0 0 0 0 0 0 0 0 0 4620436.54926 41930670.6525 
4.40189922865e-05 1.02104408043e-05 -1121.19974638 -120775604044 6351.02437648 60676398.1764 538634263249 1.03904237083e+12 543384836643 124093373639 533091695012 206386371915 0 0 0 0 0 0 0 0 0 0 0 4614445.71025 41903815.4883 
4.40190151343e-05 1.01847922961e-05 -1123.96886815 -121546165251 6358.44378799 61258477.7781 538222843337 1.04128923428e+12 544629613154 123899612418 532801336169 205437741657 0 0 0 0 0 0 0 0 0 0 0 4608543.85697 41877139.2408 
4.40190377468e-05 1.01593454412e-05 -1126.72689001 -122316234482 6365.86585579 61843466.4016 537812437181 1.04352447277e+12 545868104135 123706457132 532511526426 204497673922 0 0 0 0 0 0 0 0 0 0 0 4602728.87588 41850637.251 
4.40190601276e-05 1.01340976656e-05 -1129.47388674 -123085794009 6373.29040082 62431366.6582 537403038543 1.04574823311e+12 547100382723 123513907278 532222255863 203566042152 0 0 0 0 0 0 0 0 0 0 0 4596998.71183 41824304.9774 
4.40190822803e-05 1.01090464446e-05 -1132.20993177 -123854826078 6380.7172482 63022181.085 536994641242 1.04796065905e+12 548326520583 123321962287 531933514838 202642722551 0 0 0 0 0 0 0 0 0 0 0 4591351.36604 41798137.9936 
4.40191042085e-05 1.00841893025e-05 -1134.9350972 -124623312873 6388.14622692 63615912.1252 536587239170 1.05016189127e+12 549546587899 123130621525 531645293986 201727594033 0 0 0 0 0 0 0 0 0 0 0 4585784.89463 41772131.9863 
4.40191259155e-05 1.00595238099e-05 -1137.6494539 -125391236556 6395.57717013 64212562.1585 536180826275 1.05235206756e+12 550760653479 122939884295 531357584204 200820538106 0 0 0 0 0 0 0 0 0 0 0 4580297.4067 41746282.7524 
4.40191474047e-05 1.00350475837e-05 -1140.3530715 -126158579279 6403.00991482 64812133.483 535775396572 1.05453132285e+12 551968784746 122749749838 531070376652 199921438819 0 0 0 0 0 0 0 0 0 0 0 4574887.06299 41720586.1975 
4.40191686795e-05 1.00107582853e-05 -1143.04601839 -126925323133 6410.44430171 65414628.3144 535370944152 1.05669978924e+12 553171047768 122560217339 530783662751 199030182703 0 0 0 0 0 0 0 0 0 0 0 4569552.0743 41695038.3342 
4.40191897429e-05 9.98665361985e-06 -1145.72836183 -127691450227 6417.88017529 66020048.7953 534967463167 1.05885759615e+12 554367507316 122371285929 530497434173 198146658680 0 0 0 0 0 0 0 0 0 0 0 4564290.70001 41669635.2789 
4.40192105981e-05 9.96273133504e-06 -1148.40016787 -128456942619 6425.31738358 66628396.9813 534564947852 1.06100487028e+12 555558226861 122182954688 530211682842 197270758021 0 0 0 0 0 0 0 0 0 0 0 4559101.24671 41644373.251 
4.40192312483e-05 9.93898921947e-06 -1151.06150153 -129221782349 6432.75577833 67239674.8678 534163392499 1.06314173582e+12 556743268662 121995222643 529926400918 196402374246 0 0 0 0 0 0 0 0 0 0 0 4553982.06665 41619248.5696 
4.40192516964e-05 9.91542510201e-06 -1153.71242673 -129985951464 6440.19521482 67853884.3762 533762791472 1.06526831441e+12 557922693763 121808088771 529641580796 195541403079 0 0 0 0 0 0 0 0 0 0 0 4548931.55649 41594257.6518 
4.40192719454e-05 9.89203685134e-06 -1156.3530063 -130749431982 6447.63555155 68471027.3401 533363139218 1.0673847252e+12 559096561999 121621552009 529357215114 194687742409 0 0 0 0 0 0 0 0 0 0 0 4543948.15615 41569397.0111 
4.40192919982e-05 9.86882237349e-06 -1158.98330216 -131512205909 6455.07665071 69091105.5462 532964430238 1.06949108503e+12 560264932104 121435611240 529073296722 193841292179 0 0 0 0 0 0 0 0 0 0 0 4539030.3472 41544663.2545 
4.40193118577e-05 9.84577961272e-06 -1161.60337511 -132274255262 6462.51837749 69714120.6864 532566659119 1.07158750831e+12 561427861638 121250265315 528789818704 193001954392 0 0 0 0 0 0 0 0 0 0 0 4534176.65204 41520053.0815 
4.40193315265e-05 9.82290654913e-06 -1164.21328508 -133035562043 6469.96060047 70340074.3973 532169820513 1.07367410724e+12 562585407099 121065513036 528506774355 192169633007 0 0 0 0 0 0 0 0 0 0 0 4529385.63241 41495563.2811 
4.40193510076e-05 9.80020119852e-06 -1166.81309101 -133796108229 6477.40319133 70968968.2421 531773909143 1.07575099176e+12 563737623907 120881353172 528224157182 191344233911 0 0 0 0 0 0 0 0 0 0 0 4524655.88841 41471190.7304 
4.40193703034e-05 9.77766161183e-06 -1169.4028509 -134555875829 6484.8460247 71600803.7015 531378919814 1.07781826962e+12 564884566415 120697784456 527941960908 190525664880 0 0 0 0 0 0 0 0 0 0 0 4519986.05743 41446932.3931 
4.40193894167e-05 9.7552858726e-06 -1171.98262197 -135314846824 6492.2889786 72235582.2223 530984847382 1.07987604656e+12 566026288020 120514805577 527660179440 189713835465 0 0 0 0 0 0 0 0 0 0 0 4515374.81276 41422785.3156 
4.40194083499e-05 9.73307209867e-06 -1174.55246044 -136073003238 6499.73193358 72873305.1494 530591686795 1.08192442614e+12 567162841067 120332415201 527378806901 188908657040 0 0 0 0 0 0 0 0 0 0 0 4510820.863 41398746.6276 
4.40194271057e-05 9.71101843925e-06 -1177.1124218 -136830327038 6507.17477338 73513973.7843 530199433056 1.08396350998e+12 568294276973 120150611954 527097837595 188110042674 0 0 0 0 0 0 0 0 0 0 0 4506322.95069 41374813.5386 
4.40194456865e-05 9.68912307638e-06 -1179.66256051 -137586800256 6514.61738407 74157589.3242 529808081265 1.08599339763e+12 569420646143 119969394443 526817266033 187317907169 0 0 0 0 0 0 0 0 0 0 0 4501879.85172 41350983.3375 
4.40194640948e-05 9.66738422101e-06 -1182.20293049 -138342404889 6522.05965512 74804152.954 529417626558 1.08801418689e+12 570541998154 119788761233 526537086885 186532166898 0 0 0 0 0 0 0 0 0 0 0 4497490.37375 41327253.3878 
4.40194823328e-05 9.6458001154e-06 -1184.7335847 -139097122960 6529.50147823 75453665.7562 529028064163 1.09002597355e+12 571658381618 119608710869 526257295018 185752739880 0 0 0 0 0 0 0 0 0 0 0 4493153.35595 41303621.1295 
4.40195004029e-05 9.62436903053e-06 -1187.25457541 -139850936524 6536.94274795 76106128.7677 528639389368 1.09202885167e+12 572769844299 119429241867 525977885466 184979545668 0 0 0 0 0 0 0 0 0 0 0 4488867.66769 41280084.0744 
4.40195183075e-05 9.60308926681e-06 -1189.76595405 -140603827613 6544.38336113 76761542.9381 528251597542 1.09402291342e+12 573876433066 119250352722 525698853442 184212505361 0 0 0 0 0 0 0 0 0 0 0 4484632.20796 41256639.8068 
4.40195360488e-05 9.58195915234e-06 -1192.26777137 -141355778300 6551.82321723 77419909.1633 527864684117 1.09600824929e+12 574978193965 119072041907 525420194325 183451541525 0 0 0 0 0 0 0 0 0 0 0 4480445.90431 41233285.9799 
4.40195536289e-05 9.56097704148e-06 -1194.76007754 -142106770645 6559.26221853 78081228.3112 527478644572 1.09798494816e+12 576075172284 118894307859 525141903638 182696578128 0 0 0 0 0 0 0 0 0 0 0 4476307.71191 41210020.3135 
4.40195710501e-05 9.54014131786e-06 -1197.24292174 -142856786767 6566.70026883 78745501.1093 527093474498 1.09995309703e+12 577167412382 118717149017 524863977099 181947540636 0 0 0 0 0 0 0 0 0 0 0 4472216.61344 41186840.5963 
4.40195883144e-05 9.51945038912e-06 -1199.71635272 -143605808760 6574.13727501 79412728.2903 526709169516 1.10191278149e+12 578254957950 118540563782 524586410549 181204355809 0 0 0 0 0 0 0 0 0 0 0 4468171.61742 41163744.6792 
4.4019605424e-05 9.49890268974e-06 -1202.18041843 -144353818748 6581.57314578 80082910.4863 526325725330 1.10386408541e+12 579337851853 118364550547 524309199998 180466951789 0 0 0 0 0 0 0 0 0 0 0 4464171.75815 41140730.4774 
4.40196223809e-05 9.47849667885e-06 -1204.63516623 -145100798904 6589.00779219 80756048.2786 525943137708 1.10580709118e+12 580416136230 118189107683 524032341597 179735258013 0 0 0 0 0 0 0 0 0 0 0 4460216.09467 41117795.967 
4.4019639187e-05 9.45823083974e-06 -1207.08064286 -145846731392 6596.44112758 81432142.2003 525561402471 1.1077418797e+12 581489852511 118014233543 523755831634 179009205177 0 0 0 0 0 0 0 0 0 0 0 4456303.71003 41094939.1835 
4.40196558445e-05 9.43810368019e-06 -1209.51689441 -146591598420 6603.87306718 82111192.704 525180515517 1.10966853035e+12 582559041386 117839926468 523479666547 178288725244 0 0 0 0 0 0 0 0 0 0 0 4452433.71087 41072158.2214 
4.40196723552e-05 9.41811373154e-06 -1211.94396634 -147335382190 6611.30352822 82793200.1784 524800472808 1.11158712105e+12 583623742846 117666184785 523203842909 177573751391 0 0 0 0 0 0 0 0 0 0 0 4448605.2266 41049451.2322 
4.40196887209e-05 9.39825954786e-06 -1214.36190353 -148078064967 6618.73243003 83478164.9588 524421270364 1.11349772837e+12 584683996211 117493006806 522928357421 176864217977 0 0 0 0 0 0 0 0 0 0 0 4444817.40873 41026816.4224 
4.40197049437e-05 9.37853970578e-06 -1216.77075031 -148819629022 6626.15969383 84166087.3166 524042904269 1.11540042746e+12 585739840135 117320390832 522653206918 176160060517 0 0 0 0 0 0 0 0 0 0 0 4441069.43034 41004252.0528 
4.40197210253e-05 9.35895280417e-06 -1219.17055038 -149560056667 6633.58524262 84856967.4534 523665370673 1.11729529211e+12 586791312605 117148335155 522378388361 175461215668 0 0 0 0 0 0 0 0 0 0 0 4437360.48547 40981756.4369 
4.40197369675e-05 9.33949746283e-06 -1221.56134698 -150299330235 6641.00900149 85550805.5323 523288665774 1.11918239488e+12 587838451011 116976838047 522103898826 174767621170 0 0 0 0 0 0 0 0 0 0 0 4433689.78841 40959327.9388 
4.40197527722e-05 9.32017232308e-06 -1223.94318275 -151037432081 6648.43089716 86247601.6407 522912785837 1.12106180699e+12 588881292092 116805897778 521829735514 174079215855 0 0 0 0 0 0 0 0 0 0 0 4430056.57331 40936964.9731 
4.4019768441e-05 9.30097604722e-06 -1226.31609977 -151774344601 6655.85085795 86947355.7934 522537727194 1.12293359836e+12 589919871966 116635512610 521555895746 173395939622 0 0 0 0 0 0 0 0 0 0 0 4426460.09365 40914666.0035 
4.40197839756e-05 9.28190731703e-06 -1228.68013968 -152510050237 6663.26881418 87650067.9732 522163486219 1.12479783778e+12 590954226196 116465680790 521282376946 172717733372 0 0 0 0 0 0 0 0 0 0 0 4422899.62145 40892429.5399 
4.40197993778e-05 9.26296483462e-06 -1231.03534356 -153244531421 6670.68469761 88355738.0836 521790059354 1.12665459278e+12 591984389735 116296400560 521009176656 172044539029 0 0 0 0 0 0 0 0 0 0 0 4419374.44704 40870254.1391 
4.40198146492e-05 9.24414732162e-06 -1233.38175198 -153977770687 6678.09844159 89064365.964 521417443100 1.12850392972e+12 593010396964 116127670160 520736292524 171376299508 0 0 0 0 0 0 0 0 0 0 0 4415883.87849 40848138.4029 
4.40198297914e-05 9.22545351865e-06 -1235.71940502 -154709750550 6685.50998103 89775951.3956 521045634011 1.13034591381e+12 594032281706 115959487819 520463722304 170712958678 0 0 0 0 0 0 0 0 0 0 0 4412427.24106 40826080.9769 
4.4019844806e-05 9.20688218429e-06 -1238.04834239 -155440453571 6692.91925262 90490494.125 520674628684 1.13218060919e+12 595050077278 115791851756 520191463840 170054461329 0 0 0 0 0 0 0 0 0 0 0 4409003.87664 40804080.5483 
4.40198596946e-05 9.18843209649e-06 -1240.36860317 -156169862368 6700.32619411 91207993.7976 520304423792 1.13400807882e+12 596063816405 115624760197 519919515091 169400753206 0 0 0 0 0 0 0 0 0 0 0 4405613.14361 40782135.8472 
4.40198744588e-05 9.17010205012e-06 -1242.68022612 -156897959593 6707.73074508 91928450.0374 519935016042 1.13582838469e+12 597073531345 115458211350 519647874097 168751780915 0 0 0 0 0 0 0 0 0 0 0 4402254.41604 40760245.6427 
